# Trajectory point dump
# timestamp=20260507_141222

[RAW]
path 1 count=101
  0000: [34.992890, -403.673739, 151.603000, 180.000000, 0.000000, 0.000000]
  0001: [35.968272, -403.667178, 151.603000, 180.000000, 0.000000, 0.000000]
  0002: [36.943031, -403.596850, 151.603000, 180.000000, 0.000000, 54.133049]
  0003: [37.913045, -403.463089, 151.603000, 180.000000, 0.000000, 54.798278]
  0004: [38.874180, -403.266418, 151.603000, 180.000000, 0.000000, 54.734761]
  0005: [39.822347, -403.007694, 151.603000, 180.000000, 0.000000, 54.694424]
  0006: [40.753543, -402.688020, 151.603000, 180.000000, 0.000000, 54.677751]
  0007: [41.663800, -402.308744, 151.603000, 180.000000, 0.000000, 54.370209]
  0008: [42.549269, -401.871460, 151.603000, 180.000000, 0.000000, 53.788180]
  0009: [43.406187, -401.378033, 151.603000, 180.000000, 0.000000, 53.214582]
  0010: [44.230906, -400.830547, 151.603000, 180.000000, 0.000000, 49.569346]
  0011: [45.019919, -400.231295, 151.603000, 180.000000, 0.000000, 45.930665]
  0012: [45.769898, -399.582877, 151.603000, 180.000000, 0.000000, 42.297398]
  0013: [46.477631, -398.887980, 151.603000, 180.000000, 0.000000, 38.667325]
  0014: [47.140107, -398.149631, 151.603000, 180.000000, 0.000000, 35.039486]
  0015: [47.754501, -397.370879, 151.603000, 180.000000, 0.000000, 31.410698]
  0016: [48.318192, -396.555113, 151.603000, 180.000000, 0.000000, 27.780093]
  0017: [48.828762, -395.705716, 151.603000, 180.000000, 0.000000, 24.145034]
  0018: [49.284011, -394.826374, 151.603000, 180.000000, 0.000000, 20.504359]
  0019: [49.681989, -393.920803, 151.603000, 180.000000, 0.000000, 16.855540]
  0020: [50.020982, -392.992866, 151.603000, 180.000000, 0.000000, 13.197228]
  0021: [50.299512, -392.046517, 151.603000, 180.000000, 0.000000, 9.527713]
  0022: [50.516350, -391.085766, 151.603000, 180.000000, 0.000000, 6.161349]
  0023: [50.670552, -390.114774, 151.603000, 180.000000, 0.000000, 0.000000]
  0024: [59.199632, -319.557541, 151.603000, 180.000000, 0.000000, 0.000000]
  0025: [59.281811, -318.550006, 151.603000, 180.000000, 0.000000, 55.566148]
  0026: [59.299410, -317.540505, 151.603000, 180.000000, 0.000000, 56.358014]
  0027: [59.252334, -316.533398, 151.603000, 180.000000, 0.000000, 56.842875]
  0028: [59.140773, -315.532967, 151.603000, 180.000000, 0.000000, 57.035473]
  0029: [58.965188, -314.543563, 151.603000, 180.000000, 0.000000, 57.217305]
  0030: [58.726323, -313.569384, 151.603000, 180.000000, 0.000000, 57.384161]
  0031: [58.425164, -312.614652, 151.603000, 180.000000, 0.000000, 57.534136]
  0032: [58.063001, -311.683510, 151.603000, 180.000000, 0.000000, 57.236430]
  0033: [57.641362, -310.779882, 151.603000, 180.000000, 0.000000, 56.472078]
  0034: [57.162044, -309.907781, 151.603000, 180.000000, 0.000000, 55.678293]
  0035: [56.627075, -309.070876, 151.603000, 180.000000, 0.000000, 51.884161]
  0036: [56.038772, -308.272852, 151.603000, 180.000000, 0.000000, 48.074485]
  0037: [55.399593, -307.517128, 151.603000, 180.000000, 0.000000, 44.250355]
  0038: [54.712314, -306.806981, 151.603000, 180.000000, 0.000000, 40.412546]
  0039: [53.979838, -306.145472, 151.603000, 180.000000, 0.000000, 36.562535]
  0040: [53.205318, -305.535475, 151.603000, 180.000000, 0.000000, 32.701785]
  0041: [52.392079, -304.979632, 151.603000, 180.000000, 0.000000, 28.832591]
  0042: [51.543583, -304.480383, 151.603000, 180.000000, 0.000000, 24.956556]
  0043: [50.663495, -304.039830, 151.603000, 180.000000, 0.000000, 21.075993]
  0044: [49.755568, -303.659934, 151.603000, 180.000000, 0.000000, 17.192956]
  0045: [48.823720, -303.342336, 151.603000, 180.000000, 0.000000, 13.310688]
  0046: [47.871948, -303.088428, 151.603000, 180.000000, 0.000000, 9.430476]
  0047: [46.904364, -302.899281, 151.603000, 180.000000, 0.000000, 5.982094]
  0048: [45.925098, -302.775736, 151.603000, 180.000000, 0.000000, 0.000000]
  0049: [-44.873138, -294.091188, 151.603000, 180.000000, 0.000000, 0.000000]
  0050: [-45.872145, -294.024284, 151.603000, 180.000000, 0.000000, 51.753900]
  0051: [-46.873443, -294.024009, 151.603000, 180.000000, 0.000000, 52.531550]
  0052: [-47.872698, -294.090378, 151.603000, 180.000000, 0.000000, 52.885152]
  0053: [-48.865615, -294.223128, 151.603000, 180.000000, 0.000000, 52.796926]
  0054: [-49.847919, -294.421647, 151.603000, 180.000000, 0.000000, 52.704428]
  0055: [-50.815361, -294.685076, 151.603000, 180.000000, 0.000000, 52.609350]
  0056: [-51.763796, -295.012313, 151.603000, 180.000000, 0.000000, 52.514301]
  0057: [-52.689082, -295.401904, 151.603000, 180.000000, 0.000000, 52.419905]
  0058: [-53.587289, -295.852180, 151.603000, 180.000000, 0.000000, 51.896253]
  0059: [-54.454550, -296.361179, 151.603000, 180.000000, 0.000000, 50.966202]
  0060: [-55.287094, -296.926744, 151.603000, 180.000000, 0.000000, 50.063614]
  0061: [-56.081354, -297.546360, 151.603000, 180.000000, 0.000000, 46.293564]
  0062: [-56.833945, -298.217363, 151.603000, 180.000000, 0.000000, 42.531016]
  0063: [-57.541619, -298.936872, 151.603000, 180.000000, 0.000000, 38.776748]
  0064: [-58.201348, -299.701758, 151.603000, 180.000000, 0.000000, 35.030196]
  0065: [-58.810294, -300.508695, 151.603000, 180.000000, 0.000000, 31.291422]
  0066: [-59.365893, -301.354232, 151.603000, 180.000000, 0.000000, 27.560054]
  0067: [-59.865773, -302.234672, 151.603000, 180.000000, 0.000000, 23.835587]
  0068: [-60.307771, -303.146223, 151.603000, 180.000000, 0.000000, 20.117756]
  0069: [-60.690034, -304.084988, 151.603000, 180.000000, 0.000000, 16.406114]
  0070: [-61.010949, -305.046867, 151.603000, 180.000000, 0.000000, 12.699219]
  0071: [-61.269199, -306.027728, 151.603000, 180.000000, 0.000000, 8.996901]
  0072: [-61.463661, -307.023347, 151.603000, 180.000000, 0.000000, 5.729150]
  0073: [-61.593555, -308.029452, 151.603000, 180.000000, 0.000000, 0.000000]
  0074: [-68.784397, -378.609995, 151.603000, 180.000000, 0.000000, 0.000000]
  0075: [-68.855495, -379.583237, 151.603000, 180.000000, 0.000000, 55.438977]
  0076: [-68.861913, -380.558462, 151.603000, 180.000000, 0.000000, 56.259220]
  0077: [-68.803656, -381.531543, 151.603000, 180.000000, 0.000000, 56.619444]
  0078: [-68.681004, -382.498323, 151.603000, 180.000000, 0.000000, 56.541250]
  0079: [-68.494507, -383.454671, 151.603000, 180.000000, 0.000000, 56.457464]
  0080: [-68.245024, -384.396545, 151.603000, 180.000000, 0.000000, 56.369937]
  0081: [-67.933599, -385.319962, 151.603000, 180.000000, 0.000000, 56.280595]
  0082: [-67.561614, -386.220933, 151.603000, 180.000000, 0.000000, 55.876930]
  0083: [-67.130694, -387.095711, 151.603000, 180.000000, 0.000000, 55.170297]
  0084: [-66.642714, -387.940543, 151.603000, 180.000000, 0.000000, 53.727382]
  0085: [-66.099762, -388.751855, 151.603000, 180.000000, 0.000000, 49.947711]
  0086: [-65.504173, -389.526218, 151.603000, 180.000000, 0.000000, 46.174730]
  0087: [-64.858505, -390.260322, 151.603000, 180.000000, 0.000000, 42.408637]
  0088: [-64.165559, -390.951094, 151.603000, 180.000000, 0.000000, 38.649799]
  0089: [-63.428297, -391.595577, 151.603000, 180.000000, 0.000000, 34.898309]
  0090: [-62.649850, -392.191052, 151.603000, 180.000000, 0.000000, 31.154399]
  0091: [-61.833569, -392.734979, 151.603000, 180.000000, 0.000000, 27.416800]
  0092: [-60.982945, -393.225054, 151.603000, 180.000000, 0.000000, 23.686172]
  0093: [-60.101591, -393.659154, 151.603000, 180.000000, 0.000000, 19.961576]
  0094: [-59.193293, -394.035484, 151.603000, 180.000000, 0.000000, 16.242572]
  0095: [-58.261896, -394.352400, 151.603000, 180.000000, 0.000000, 12.528468]
  0096: [-57.311370, -394.608559, 151.603000, 180.000000, 0.000000, 8.818841]
  0097: [-56.345776, -394.802858, 151.603000, 180.000000, 0.000000, 5.427256]
  0098: [-55.369223, -394.934439, 151.603000, 180.000000, 0.000000, 0.000000]
  0099: [34.021031, -403.616532, 151.603000, 180.000000, 0.000000, 0.000000]
  0100: [34.992890, -403.673739, 151.603000, 180.000000, 0.000000, 0.000000]

[PREPARED]
path 1 count=61
  0000: [34.992890, -403.673739, 151.603000, 180.000000, 0.000000, 0.000000]
  0001: [37.913045, -403.463089, 151.603000, 180.000000, 0.000000, 0.000000]
  0002: [40.753543, -402.688020, 151.603000, 180.000000, 0.000000, 51.132049]
  0003: [43.406187, -401.378033, 151.603000, 180.000000, 0.000000, 49.338105]
  0004: [45.769898, -399.582877, 151.603000, 180.000000, 0.000000, 38.365338]
  0005: [47.754501, -397.370879, 151.603000, 180.000000, 0.000000, 27.431338]
  0006: [49.284011, -394.826374, 151.603000, 180.000000, 0.000000, 16.179578]
  0007: [50.299512, -392.046517, 151.603000, 180.000000, 0.000000, 7.001175]
  0008: [52.092066, -378.355235, 151.603000, 180.000000, 0.000000, 0.000000]
  0009: [53.513579, -366.595696, 151.603000, 180.000000, 0.000000, 0.000000]
  0010: [54.935092, -354.836157, 151.603000, 180.000000, 0.000000, 0.000000]
  0011: [56.356606, -343.076619, 151.603000, 180.000000, 0.000000, 0.000000]
  0012: [57.778119, -331.317080, 151.603000, 180.000000, 0.000000, 0.000000]
  0013: [59.199632, -319.557541, 151.603000, 180.000000, 0.000000, 13.525338]
  0014: [59.252334, -316.533398, 151.603000, 180.000000, 0.000000, 52.400341]
  0015: [58.726323, -313.569384, 151.603000, 180.000000, 0.000000, 54.893812]
  0016: [57.641362, -310.779882, 151.603000, 180.000000, 0.000000, 52.797273]
  0017: [56.038772, -308.272852, 151.603000, 180.000000, 0.000000, 47.245346]
  0018: [53.979838, -306.145472, 151.603000, 180.000000, 0.000000, 35.799087]
  0019: [51.543583, -304.480383, 151.603000, 180.000000, 0.000000, 24.261797]
  0020: [48.823720, -303.342336, 151.603000, 180.000000, 0.000000, 13.872157]
  0021: [45.925098, -302.775736, 151.603000, 180.000000, 0.000000, 9.225906]
  0022: [34.575318, -301.690167, 151.603000, 180.000000, 0.000000, 0.000000]
  0023: [23.225539, -300.604599, 151.603000, 180.000000, 0.000000, 0.000000]
  0024: [11.875759, -299.519031, 151.603000, 180.000000, 0.000000, 0.000000]
  0025: [0.525980, -298.433462, 151.603000, 180.000000, 0.000000, 0.000000]
  0026: [-10.823800, -297.347894, 151.603000, 180.000000, 0.000000, 0.000000]
  0027: [-22.173579, -296.262325, 151.603000, 180.000000, 0.000000, 0.000000]
  0028: [-33.523359, -295.176757, 151.603000, 180.000000, 0.000000, 0.000000]
  0029: [-44.873138, -294.091188, 151.603000, 180.000000, 0.000000, 13.589593]
  0030: [-47.872698, -294.090378, 151.603000, 180.000000, 0.000000, 40.742529]
  0031: [-50.815361, -294.685076, 151.603000, 180.000000, 0.000000, 44.035094]
  0032: [-53.587289, -295.852180, 151.603000, 180.000000, 0.000000, 43.846505]
  0033: [-56.081354, -297.546360, 151.603000, 180.000000, 0.000000, 40.246990]
  0034: [-58.201348, -299.701758, 151.603000, 180.000000, 0.000000, 34.461934]
  0035: [-59.865773, -302.234672, 151.603000, 180.000000, 0.000000, 23.239129]
  0036: [-61.010949, -305.046867, 151.603000, 180.000000, 0.000000, 13.240123]
  0037: [-61.593555, -308.029452, 151.603000, 180.000000, 0.000000, 8.766420]
  0038: [-62.792029, -319.792876, 151.603000, 180.000000, 0.000000, 0.000000]
  0039: [-63.990502, -331.556300, 151.603000, 180.000000, 0.000000, 0.000000]
  0040: [-65.188976, -343.319723, 151.603000, 180.000000, 0.000000, 0.000000]
  0041: [-66.387450, -355.083147, 151.603000, 180.000000, 0.000000, 0.000000]
  0042: [-67.585923, -366.846571, 151.603000, 180.000000, 0.000000, 0.000000]
  0043: [-68.784397, -378.609995, 151.603000, 180.000000, 0.000000, 13.571676]
  0044: [-68.803656, -381.531543, 151.603000, 180.000000, 0.000000, 51.973599]
  0045: [-68.245024, -384.396545, 151.603000, 180.000000, 0.000000, 54.184298]
  0046: [-67.130694, -387.095711, 151.603000, 180.000000, 0.000000, 51.875306]
  0047: [-65.504173, -389.526218, 151.603000, 180.000000, 0.000000, 46.161385]
  0048: [-63.428297, -391.595577, 151.603000, 180.000000, 0.000000, 34.868958]
  0049: [-60.982945, -393.225054, 151.603000, 180.000000, 0.000000, 23.630875]
  0050: [-58.261896, -394.352400, 151.603000, 180.000000, 0.000000, 13.498545]
  0051: [-55.369223, -394.934439, 151.603000, 180.000000, 0.000000, 9.017460]
  0052: [-44.195441, -396.019701, 151.603000, 180.000000, 0.000000, 0.000000]
  0053: [-33.021659, -397.104962, 151.603000, 180.000000, 0.000000, 0.000000]
  0054: [-21.847877, -398.190224, 151.603000, 180.000000, 0.000000, 0.000000]
  0055: [-10.674096, -399.275486, 151.603000, 180.000000, 0.000000, 0.000000]
  0056: [0.499686, -400.360747, 151.603000, 180.000000, 0.000000, 0.000000]
  0057: [11.673468, -401.446009, 151.603000, 180.000000, 0.000000, 0.000000]
  0058: [22.847250, -402.531270, 151.603000, 180.000000, 0.000000, 0.000000]
  0059: [34.021031, -403.616532, 151.603000, 180.000000, 0.000000, 0.000000]
  0060: [34.992890, -403.673739, 151.603000, 180.000000, 0.000000, 0.000000]

[CURVE]
path 1 count=167
  0000: [34.992890, -403.673739, 151.603000, 180.000000, 0.000000, 0.000000]
  0001: [37.510846, -403.508473, 151.603000, 180.000000, 0.000000, 0.000000]
  0002: [39.966056, -402.961909, 151.603000, 180.000000, 0.000000, 44.648534]
  0003: [42.295533, -402.005886, 151.603000, 180.000000, 0.000000, 45.272907]
  0004: [44.437902, -400.683825, 151.603000, 180.000000, 0.000000, 42.557120]
  0005: [46.338972, -399.032418, 151.603000, 180.000000, 0.000000, 38.118909]
  0006: [47.951786, -397.095714, 151.603000, 180.000000, 0.000000, 31.984432]
  0007: [49.238690, -394.923726, 151.603000, 180.000000, 0.000000, 23.644556]
  0008: [50.165650, -392.573518, 151.603000, 180.000000, 0.000000, 15.909250]
  0009: [50.670528, -390.141190, 151.603000, 180.000000, 0.000000, 9.340381]
  0010: [51.048466, -387.663681, 151.603000, 180.000000, 0.000000, 0.000000]
  0011: [51.352266, -385.155647, 151.603000, 180.000000, 0.000000, 0.000000]
  0012: [51.618947, -382.633072, 151.603000, 180.000000, 0.000000, 0.000000]
  0013: [51.885527, -380.111945, 151.603000, 180.000000, 0.000000, 0.000000]
  0014: [52.185615, -377.606841, 151.603000, 180.000000, 0.000000, 0.000000]
  0015: [52.492704, -375.107020, 151.603000, 180.000000, 0.000000, 0.000000]
  0016: [52.794039, -372.606443, 151.603000, 180.000000, 0.000000, 0.000000]
  0017: [53.092754, -370.105523, 151.603000, 180.000000, 0.000000, 0.000000]
  0018: [53.391984, -367.604670, 151.603000, 180.000000, 0.000000, 0.000000]
  0019: [53.693878, -365.104167, 151.603000, 180.000000, 0.000000, 0.000000]
  0020: [53.996137, -362.603712, 151.603000, 180.000000, 0.000000, 0.000000]
  0021: [54.298396, -360.103257, 151.603000, 180.000000, 0.000000, 0.000000]
  0022: [54.600656, -357.602801, 151.603000, 180.000000, 0.000000, 0.000000]
  0023: [54.902915, -355.102346, 151.603000, 180.000000, 0.000000, 0.000000]
  0024: [55.205174, -352.601891, 151.603000, 180.000000, 0.000000, 0.000000]
  0025: [55.507434, -350.101436, 151.603000, 180.000000, 0.000000, 0.000000]
  0026: [55.809693, -347.600981, 151.603000, 180.000000, 0.000000, 0.000000]
  0027: [56.111952, -345.100525, 151.603000, 180.000000, 0.000000, 0.000000]
  0028: [56.414212, -342.600070, 151.603000, 180.000000, 0.000000, 0.000000]
  0029: [56.716471, -340.099615, 151.603000, 180.000000, 0.000000, 0.000000]
  0030: [57.018730, -337.599160, 151.603000, 180.000000, 0.000000, 0.000000]
  0031: [57.320989, -335.098705, 151.603000, 180.000000, 0.000000, 0.000000]
  0032: [57.623249, -332.598250, 151.603000, 180.000000, 0.000000, 0.000000]
  0033: [57.936179, -330.098277, 151.603000, 180.000000, 0.000000, 8.641681]
  0034: [58.303522, -327.600763, 151.603000, 180.000000, 0.000000, 14.955485]
  0035: [58.675978, -325.103480, 151.603000, 180.000000, 0.000000, 22.065661]
  0036: [58.989667, -322.603541, 151.603000, 180.000000, 0.000000, 29.889302]
  0037: [59.180714, -320.098060, 151.603000, 180.000000, 0.000000, 37.402341]
  0038: [59.244025, -317.578774, 151.603000, 180.000000, 0.000000, 42.426204]
  0039: [59.085111, -315.072810, 151.603000, 180.000000, 0.000000, 46.116468]
  0040: [58.442957, -312.635797, 151.603000, 180.000000, 0.000000, 47.982614]
  0041: [57.411206, -310.335487, 151.603000, 180.000000, 0.000000, 47.070440]
  0042: [56.009871, -308.236066, 151.603000, 180.000000, 0.000000, 43.482053]
  0043: [54.275829, -306.400690, 151.603000, 180.000000, 0.000000, 38.241950]
  0044: [52.257484, -304.890200, 151.603000, 180.000000, 0.000000, 30.520673]
  0045: [50.010272, -303.751403, 151.603000, 180.000000, 0.000000, 21.721923]
  0046: [47.599211, -303.056325, 151.603000, 180.000000, 0.000000, 13.853426]
  0047: [45.107430, -302.667740, 151.603000, 180.000000, 0.000000, 7.475195]
  0048: [42.608304, -302.388584, 151.603000, 180.000000, 0.000000, 0.000000]
  0049: [40.098665, -302.160568, 151.603000, 180.000000, 0.000000, 0.000000]
  0050: [37.584735, -301.953419, 151.603000, 180.000000, 0.000000, 0.000000]
  0051: [35.072738, -301.736868, 151.603000, 180.000000, 0.000000, 0.000000]
  0052: [32.565346, -301.497920, 151.603000, 180.000000, 0.000000, 0.000000]
  0053: [30.058130, -301.258114, 151.603000, 180.000000, 0.000000, 0.000000]
  0054: [27.550915, -301.018307, 151.603000, 180.000000, 0.000000, 0.000000]
  0055: [25.043699, -300.778500, 151.603000, 180.000000, 0.000000, 0.000000]
  0056: [22.536484, -300.538693, 151.603000, 180.000000, 0.000000, 0.000000]
  0057: [20.029268, -300.298886, 151.603000, 180.000000, 0.000000, 0.000000]
  0058: [17.522053, -300.059080, 151.603000, 180.000000, 0.000000, 0.000000]
  0059: [15.014837, -299.819273, 151.603000, 180.000000, 0.000000, 0.000000]
  0060: [12.507622, -299.579466, 151.603000, 180.000000, 0.000000, 0.000000]
  0061: [10.000406, -299.339659, 151.603000, 180.000000, 0.000000, 0.000000]
  0062: [7.493191, -299.099853, 151.603000, 180.000000, 0.000000, 0.000000]
  0063: [4.985975, -298.860046, 151.603000, 180.000000, 0.000000, 0.000000]
  0064: [2.478760, -298.620239, 151.603000, 180.000000, 0.000000, 0.000000]
  0065: [-0.028456, -298.380432, 151.603000, 180.000000, 0.000000, 0.000000]
  0066: [-2.535671, -298.140626, 151.603000, 180.000000, 0.000000, 0.000000]
  0067: [-5.042887, -297.900819, 151.603000, 180.000000, 0.000000, 0.000000]
  0068: [-7.550102, -297.661012, 151.603000, 180.000000, 0.000000, 0.000000]
  0069: [-10.057318, -297.421205, 151.603000, 180.000000, 0.000000, 0.000000]
  0070: [-12.564533, -297.181398, 151.603000, 180.000000, 0.000000, 0.000000]
  0071: [-15.071749, -296.941592, 151.603000, 180.000000, 0.000000, 0.000000]
  0072: [-17.578964, -296.701785, 151.603000, 180.000000, 0.000000, 0.000000]
  0073: [-20.086180, -296.461978, 151.603000, 180.000000, 0.000000, 0.000000]
  0074: [-22.593395, -296.222171, 151.603000, 180.000000, 0.000000, 0.000000]
  0075: [-25.100611, -295.982365, 151.603000, 180.000000, 0.000000, 0.000000]
  0076: [-27.607826, -295.742558, 151.603000, 180.000000, 0.000000, 0.000000]
  0077: [-30.115042, -295.502751, 151.603000, 180.000000, 0.000000, 0.000000]
  0078: [-32.622257, -295.262944, 151.603000, 180.000000, 0.000000, 5.007579]
  0079: [-35.128942, -295.004563, 151.603000, 180.000000, 0.000000, 10.527864]
  0080: [-37.634102, -294.692853, 151.603000, 180.000000, 0.000000, 17.237281]
  0081: [-40.139526, -294.390342, 151.603000, 180.000000, 0.000000, 24.505178]
  0082: [-42.647209, -294.166911, 151.603000, 180.000000, 0.000000, 32.885532]
  0083: [-45.159454, -294.091062, 151.603000, 180.000000, 0.000000, 39.106562]
  0084: [-47.679974, -294.090382, 151.603000, 180.000000, 0.000000, 43.239332]
  0085: [-50.164313, -294.501240, 151.603000, 180.000000, 0.000000, 45.970357]
  0086: [-52.541481, -295.333505, 151.603000, 180.000000, 0.000000, 46.619962]
  0087: [-54.746673, -296.547202, 151.603000, 180.000000, 0.000000, 44.220347]
  0088: [-56.721410, -298.109238, 151.603000, 180.000000, 0.000000, 40.215423]
  0089: [-58.415979, -299.975203, 151.603000, 180.000000, 0.000000, 34.603515]
  0090: [-59.792439, -302.093059, 151.603000, 180.000000, 0.000000, 26.743566]
  0091: [-60.813390, -304.401275, 151.603000, 180.000000, 0.000000, 18.585331]
  0092: [-61.403725, -306.841756, 151.603000, 180.000000, 0.000000, 11.561352]
  0093: [-61.768735, -309.333475, 151.603000, 180.000000, 0.000000, 5.976594]
  0094: [-62.052276, -311.833440, 151.603000, 180.000000, 0.000000, 0.000000]
  0095: [-62.291963, -314.342285, 151.603000, 180.000000, 0.000000, 0.000000]
  0096: [-62.515102, -316.854480, 151.603000, 180.000000, 0.000000, 0.000000]
  0097: [-62.748998, -319.364497, 151.603000, 180.000000, 0.000000, 0.000000]
  0098: [-63.003680, -321.870306, 151.603000, 180.000000, 0.000000, 0.000000]
  0099: [-63.258963, -324.375993, 151.603000, 180.000000, 0.000000, 0.000000]
  0100: [-63.514246, -326.881680, 151.603000, 180.000000, 0.000000, 0.000000]
  0101: [-63.769528, -329.387367, 151.603000, 180.000000, 0.000000, 0.000000]
  0102: [-64.024811, -331.893054, 151.603000, 180.000000, 0.000000, 0.000000]
  0103: [-64.280094, -334.398741, 151.603000, 180.000000, 0.000000, 0.000000]
  0104: [-64.535377, -336.904428, 151.603000, 180.000000, 0.000000, 0.000000]
  0105: [-64.790660, -339.410115, 151.603000, 180.000000, 0.000000, 0.000000]
  0106: [-65.045942, -341.915802, 151.603000, 180.000000, 0.000000, 0.000000]
  0107: [-65.301225, -344.421489, 151.603000, 180.000000, 0.000000, 0.000000]
  0108: [-65.556508, -346.927176, 151.603000, 180.000000, 0.000000, 0.000000]
  0109: [-65.811791, -349.432863, 151.603000, 180.000000, 0.000000, 0.000000]
  0110: [-66.067074, -351.938550, 151.603000, 180.000000, 0.000000, 0.000000]
  0111: [-66.322357, -354.444237, 151.603000, 180.000000, 0.000000, 0.000000]
  0112: [-66.577639, -356.949924, 151.603000, 180.000000, 0.000000, 0.000000]
  0113: [-66.832922, -359.455611, 151.603000, 180.000000, 0.000000, 0.000000]
  0114: [-67.088205, -361.961298, 151.603000, 180.000000, 0.000000, 0.000000]
  0115: [-67.343488, -364.466985, 151.603000, 180.000000, 0.000000, 0.000000]
  0116: [-67.598893, -366.972668, 151.603000, 180.000000, 0.000000, 6.367034]
  0117: [-67.895787, -369.476947, 151.603000, 180.000000, 0.000000, 12.350825]
  0118: [-68.224730, -371.980142, 151.603000, 180.000000, 0.000000, 19.422956]
  0119: [-68.523439, -374.484359, 151.603000, 180.000000, 0.000000, 27.140726]
  0120: [-68.729632, -376.991708, 151.603000, 180.000000, 0.000000, 35.901029]
  0121: [-68.793249, -379.506591, 151.603000, 180.000000, 0.000000, 41.473236]
  0122: [-68.778895, -382.020356, 151.603000, 180.000000, 0.000000, 45.389273]
  0123: [-68.220923, -384.484565, 151.603000, 180.000000, 0.000000, 47.626636]
  0124: [-67.269862, -386.823024, 151.603000, 180.000000, 0.000000, 47.342080]
  0125: [-65.942727, -388.965510, 151.603000, 180.000000, 0.000000, 43.817821]
  0126: [-64.273768, -390.851207, 151.603000, 180.000000, 0.000000, 39.058683]
  0127: [-62.311406, -392.428031, 151.603000, 180.000000, 0.000000, 32.250595]
  0128: [-60.112431, -393.653771, 151.603000, 180.000000, 0.000000, 23.737602]
  0129: [-57.738883, -394.487489, 151.603000, 180.000000, 0.000000, 15.711100]
  0130: [-55.257991, -394.950018, 151.603000, 180.000000, 0.000000, 9.050812]
  0131: [-52.764006, -395.254123, 151.603000, 180.000000, 0.000000, 0.000000]
  0132: [-50.256842, -395.496179, 151.603000, 180.000000, 0.000000, 0.000000]
  0133: [-47.743338, -395.708388, 151.603000, 180.000000, 0.000000, 0.000000]
  0134: [-45.230336, -395.922956, 151.603000, 180.000000, 0.000000, 0.000000]
  0135: [-42.722690, -396.162743, 151.603000, 180.000000, 0.000000, 0.000000]
  0136: [-40.215829, -396.406224, 151.603000, 180.000000, 0.000000, 0.000000]
  0137: [-37.708967, -396.649704, 151.603000, 180.000000, 0.000000, 0.000000]
  0138: [-35.202106, -396.893185, 151.603000, 180.000000, 0.000000, 0.000000]
  0139: [-32.695245, -397.136666, 151.603000, 180.000000, 0.000000, 0.000000]
  0140: [-30.188383, -397.380146, 151.603000, 180.000000, 0.000000, 0.000000]
  0141: [-27.681522, -397.623627, 151.603000, 180.000000, 0.000000, 0.000000]
  0142: [-25.174660, -397.867108, 151.603000, 180.000000, 0.000000, 0.000000]
  0143: [-22.667799, -398.110589, 151.603000, 180.000000, 0.000000, 0.000000]
  0144: [-20.160938, -398.354069, 151.603000, 180.000000, 0.000000, 0.000000]
  0145: [-17.654076, -398.597550, 151.603000, 180.000000, 0.000000, 0.000000]
  0146: [-15.147215, -398.841031, 151.603000, 180.000000, 0.000000, 0.000000]
  0147: [-12.640353, -399.084511, 151.603000, 180.000000, 0.000000, 0.000000]
  0148: [-10.133492, -399.327992, 151.603000, 180.000000, 0.000000, 0.000000]
  0149: [-7.626631, -399.571473, 151.603000, 180.000000, 0.000000, 0.000000]
  0150: [-5.119769, -399.814953, 151.603000, 180.000000, 0.000000, 0.000000]
  0151: [-2.612908, -400.058434, 151.603000, 180.000000, 0.000000, 0.000000]
  0152: [-0.106047, -400.301915, 151.603000, 180.000000, 0.000000, 0.000000]
  0153: [2.400815, -400.545396, 151.603000, 180.000000, 0.000000, 0.000000]
  0154: [4.907676, -400.788876, 151.603000, 180.000000, 0.000000, 0.000000]
  0155: [7.414538, -401.032357, 151.603000, 180.000000, 0.000000, 0.000000]
  0156: [9.921399, -401.275838, 151.603000, 180.000000, 0.000000, 0.000000]
  0157: [12.428260, -401.519318, 151.603000, 180.000000, 0.000000, 0.000000]
  0158: [14.935122, -401.762799, 151.603000, 180.000000, 0.000000, 0.000000]
  0159: [17.441983, -402.006280, 151.603000, 180.000000, 0.000000, 0.000000]
  0160: [19.948844, -402.249761, 151.603000, 180.000000, 0.000000, 0.000000]
  0161: [22.455706, -402.493241, 151.603000, 180.000000, 0.000000, 0.000000]
  0162: [24.961951, -402.745937, 151.603000, 180.000000, 0.000000, 0.000000]
  0163: [27.467300, -403.012025, 151.603000, 180.000000, 0.000000, 0.000000]
  0164: [29.973164, -403.270419, 151.603000, 180.000000, 0.000000, 0.000000]
  0165: [32.480980, -403.499628, 151.603000, 180.000000, 0.000000, 0.000000]
  0166: [34.992890, -403.673739, 151.603000, 180.000000, 0.000000, 0.000000]

[SAMPLED]
path 1 count=43
  0000: [34.992890, -403.673739, 151.603000, 180.000000, 0.000000, 0.000000]
  0001: [44.374787, -400.722773, 151.603000, 180.000000, 0.000000, 0.000000]
  0002: [50.105597, -392.725777, 151.603000, 180.000000, 0.000000, 13.137568]
  0003: [51.596132, -382.848886, 151.603000, 180.000000, 0.000000, 13.129415]
  0004: [52.756653, -372.916691, 151.603000, 180.000000, 0.000000, 5.746716]
  0005: [53.949670, -362.988113, 151.603000, 180.000000, 0.000000, 0.000000]
  0006: [55.149751, -353.060384, 151.603000, 180.000000, 0.000000, 0.000000]
  0007: [56.349832, -343.132655, 151.603000, 180.000000, 0.000000, 0.000000]
  0008: [57.549913, -333.204926, 151.603000, 180.000000, 0.000000, 8.487615]
  0009: [58.902589, -323.297506, 151.603000, 180.000000, 0.000000, 15.943174]
  0010: [58.637483, -313.374035, 151.603000, 180.000000, 0.000000, 18.348422]
  0011: [52.941718, -305.402267, 151.603000, 180.000000, 0.000000, 18.462615]
  0012: [43.522357, -302.490685, 151.603000, 180.000000, 0.000000, 16.601234]
  0013: [33.563055, -301.592999, 151.603000, 180.000000, 0.000000, 9.798193]
  0014: [23.608452, -300.641223, 151.603000, 180.000000, 0.000000, 0.000000]
  0015: [13.653882, -299.689102, 151.603000, 180.000000, 0.000000, 0.000000]
  0016: [3.699312, -298.736981, 151.603000, 180.000000, 0.000000, 0.000000]
  0017: [-6.255258, -297.784859, 151.603000, 180.000000, 0.000000, 0.000000]
  0018: [-16.209828, -296.832738, 151.603000, 180.000000, 0.000000, 0.000000]
  0019: [-26.164398, -295.880617, 151.603000, 180.000000, 0.000000, 0.000000]
  0020: [-36.114049, -294.881989, 151.603000, 180.000000, 0.000000, 12.151033]
  0021: [-46.073051, -294.090815, 151.603000, 180.000000, 0.000000, 17.524342]
  0022: [-55.404868, -297.067840, 151.603000, 180.000000, 0.000000, 18.035653]
  0023: [-60.989958, -305.131219, 151.603000, 180.000000, 0.000000, 17.744983]
  0024: [-62.352617, -315.025153, 151.603000, 180.000000, 0.000000, 13.297808]
  0025: [-63.320304, -324.978081, 151.603000, 180.000000, 0.000000, 5.778213]
  0026: [-64.333871, -334.926582, 151.603000, 180.000000, 0.000000, 0.000000]
  0027: [-65.347438, -344.875084, 151.603000, 180.000000, 0.000000, 0.000000]
  0028: [-66.361005, -354.823585, 151.603000, 180.000000, 0.000000, 0.000000]
  0029: [-67.374587, -364.772085, 151.603000, 180.000000, 0.000000, 8.568338]
  0030: [-68.541430, -374.703134, 151.603000, 180.000000, 0.000000, 15.882347]
  0031: [-68.165310, -384.621305, 151.603000, 180.000000, 0.000000, 18.129798]
  0032: [-62.252575, -392.460824, 151.603000, 180.000000, 0.000000, 18.230888]
  0033: [-52.765974, -395.253883, 151.603000, 180.000000, 0.000000, 16.456152]
  0034: [-42.806786, -396.154701, 151.603000, 180.000000, 0.000000, 9.485623]
  0035: [-32.853610, -397.121284, 151.603000, 180.000000, 0.000000, 0.000000]
  0036: [-22.900446, -398.087992, 151.603000, 180.000000, 0.000000, 0.000000]
  0037: [-12.947282, -399.054701, 151.603000, 180.000000, 0.000000, 0.000000]
  0038: [-2.994118, -400.021409, 151.603000, 180.000000, 0.000000, 0.000000]
  0039: [6.959046, -400.988117, 151.603000, 180.000000, 0.000000, 0.000000]
  0040: [16.912210, -401.954825, 151.603000, 180.000000, 0.000000, 0.000000]
  0041: [26.862727, -402.947815, 151.603000, 180.000000, 0.000000, 0.000000]
  0042: [34.992890, -403.673739, 151.603000, 180.000000, 0.000000, 0.000000]

[EXECUTION]
path 1 count=57
  0000: [34.992890, -403.673739, 151.603000, 180.000000, 0.000000, 0.000000]
  0001: [42.147326, -401.423395, 151.603000, 180.000000, 0.000000, 0.000000]
  0002: [47.383340, -396.524520, 151.603000, 180.000000, 0.000000, 6.896944]
  0003: [50.527380, -389.930873, 151.603000, 180.000000, 0.000000, 13.135261]
  0004: [51.635338, -382.513345, 151.603000, 180.000000, 0.000000, 12.880004]
  0005: [52.505749, -375.064024, 151.603000, 180.000000, 0.000000, 7.342850]
  0006: [53.393492, -367.616757, 151.603000, 180.000000, 0.000000, 2.679085]
  0007: [54.290260, -360.170563, 151.603000, 180.000000, 0.000000, 0.000000]
  0008: [55.190321, -352.724767, 151.603000, 180.000000, 0.000000, 0.000000]
  0009: [56.090382, -345.278970, 151.603000, 180.000000, 0.000000, 0.000000]
  0010: [56.990442, -337.833173, 151.603000, 180.000000, 0.000000, 4.530740]
  0011: [57.933836, -330.392953, 151.603000, 180.000000, 0.000000, 10.603688]
  0012: [58.893544, -322.958901, 151.603000, 180.000000, 0.000000, 16.025245]
  0013: [58.693252, -315.461576, 151.603000, 180.000000, 0.000000, 17.842444]
  0014: [55.491386, -308.970772, 151.603000, 180.000000, 0.000000, 18.411498]
  0015: [49.966393, -304.482576, 151.603000, 180.000000, 0.000000, 17.874655]
  0016: [42.770273, -302.422896, 151.603000, 180.000000, 0.000000, 16.087498]
  0017: [35.300555, -301.749610, 151.603000, 180.000000, 0.000000, 10.985052]
  0018: [27.833727, -301.045209, 151.603000, 180.000000, 0.000000, 4.158886]
  0019: [20.367786, -300.331265, 151.603000, 180.000000, 0.000000, 0.000000]
  0020: [12.901858, -299.617174, 151.603000, 180.000000, 0.000000, 0.000000]
  0021: [5.435930, -298.903083, 151.603000, 180.000000, 0.000000, 0.000000]
  0022: [-2.029997, -298.188992, 151.603000, 180.000000, 0.000000, 0.000000]
  0023: [-9.495925, -297.474901, 151.603000, 180.000000, 0.000000, 0.000000]
  0024: [-16.961852, -296.760810, 151.603000, 180.000000, 0.000000, 0.000000]
  0025: [-24.427780, -296.046719, 151.603000, 180.000000, 0.000000, 0.000000]
  0026: [-31.891082, -295.305840, 151.603000, 180.000000, 0.000000, 6.993725]
  0027: [-39.359639, -294.624150, 151.603000, 180.000000, 0.000000, 13.902168]
  0028: [-46.802279, -294.323453, 151.603000, 180.000000, 0.000000, 17.564298]
  0029: [-53.947492, -296.602910, 151.603000, 180.000000, 0.000000, 17.955800]
  0030: [-58.804331, -301.975757, 151.603000, 180.000000, 0.000000, 17.858731]
  0031: [-61.489532, -308.758502, 151.603000, 180.000000, 0.000000, 16.114574]
  0032: [-62.466243, -316.193835, 151.603000, 180.000000, 0.000000, 12.414851]
  0033: [-63.192019, -323.658636, 151.603000, 180.000000, 0.000000, 6.775075]
  0034: [-63.946114, -331.120617, 151.603000, 180.000000, 0.000000, 2.210552]
  0035: [-64.706289, -338.581993, 151.603000, 180.000000, 0.000000, 0.000000]
  0036: [-65.466465, -346.043370, 151.603000, 180.000000, 0.000000, 0.000000]
  0037: [-66.226640, -353.504746, 151.603000, 180.000000, 0.000000, 0.000000]
  0038: [-66.986824, -360.966121, 151.603000, 180.000000, 0.000000, 5.290378]
  0039: [-67.803351, -368.421316, 151.603000, 180.000000, 0.000000, 11.255921]
  0040: [-68.496905, -375.877261, 151.603000, 180.000000, 0.000000, 16.148404]
  0041: [-68.212692, -383.371874, 151.603000, 180.000000, 0.000000, 17.846678]
  0042: [-64.402040, -389.610912, 151.603000, 180.000000, 0.000000, 18.194139]
  0043: [-58.482216, -393.570899, 151.603000, 180.000000, 0.000000, 17.525536]
  0044: [-51.231087, -395.392715, 151.603000, 180.000000, 0.000000, 15.381870]
  0045: [-43.761580, -396.068339, 151.603000, 180.000000, 0.000000, 10.153892]
  0046: [-36.296107, -396.786973, 151.603000, 180.000000, 0.000000, 3.280784]
  0047: [-28.831229, -397.511961, 151.603000, 180.000000, 0.000000, 0.000000]
  0048: [-21.366356, -398.236992, 151.603000, 180.000000, 0.000000, 0.000000]
  0049: [-13.901483, -398.962023, 151.603000, 180.000000, 0.000000, 0.000000]
  0050: [-6.436610, -399.687054, 151.603000, 180.000000, 0.000000, 0.000000]
  0051: [1.028263, -400.412086, 151.603000, 180.000000, 0.000000, 0.000000]
  0052: [8.493136, -401.137117, 151.603000, 180.000000, 0.000000, 0.000000]
  0053: [15.958009, -401.862148, 151.603000, 180.000000, 0.000000, 0.000000]
  0054: [23.421189, -402.604374, 151.603000, 180.000000, 0.000000, 0.000000]
  0055: [30.888081, -403.307229, 151.603000, 180.000000, 0.000000, 0.000000]
  0056: [34.992890, -403.673739, 151.603000, 180.000000, 0.000000, 0.000000]
