# Trajectory point dump
# timestamp=20260507_144238

[RAW]
path 1 count=101
  0000: [-35.395053, -405.467148, 151.603000, 180.000000, 0.000000, 0.000000]
  0001: [54.070495, -403.421441, 151.603000, 180.000000, 0.000000, 0.000000]
  0002: [55.040060, -403.361673, 151.603000, 180.000000, 0.000000, 53.639771]
  0003: [56.005391, -403.238639, 151.603000, 180.000000, 0.000000, 54.607689]
  0004: [56.962406, -403.052930, 151.603000, 180.000000, 0.000000, 54.843376]
  0005: [57.907044, -402.805323, 151.603000, 180.000000, 0.000000, 54.794132]
  0006: [58.835300, -402.496838, 151.603000, 180.000000, 0.000000, 54.767902]
  0007: [59.743229, -402.128800, 151.603000, 180.000000, 0.000000, 54.763800]
  0008: [60.626981, -401.702782, 151.603000, 180.000000, 0.000000, 54.783159]
  0009: [61.482825, -401.220534, 151.603000, 180.000000, 0.000000, 54.510145]
  0010: [62.307100, -400.684177, 151.603000, 180.000000, 0.000000, 53.959772]
  0011: [63.096335, -400.095920, 151.603000, 180.000000, 0.000000, 53.414373]
  0012: [63.847180, -399.458304, 151.603000, 180.000000, 0.000000, 49.772814]
  0013: [64.556418, -398.773965, 151.603000, 180.000000, 0.000000, 46.134641]
  0014: [65.221047, -398.045900, 151.603000, 180.000000, 0.000000, 42.499260]
  0015: [65.838226, -397.277103, 151.603000, 180.000000, 0.000000, 38.864091]
  0016: [66.405338, -396.470904, 151.603000, 180.000000, 0.000000, 35.228520]
  0017: [66.919946, -395.630689, 151.603000, 180.000000, 0.000000, 31.589253]
  0018: [67.379852, -394.760087, 151.603000, 180.000000, 0.000000, 27.945740]
  0019: [67.783061, -393.862722, 151.603000, 180.000000, 0.000000, 24.295415]
  0020: [68.127855, -392.942462, 151.603000, 180.000000, 0.000000, 20.637028]
  0021: [68.412721, -392.003230, 151.603000, 180.000000, 0.000000, 16.968590]
  0022: [68.636434, -391.049008, 151.603000, 180.000000, 0.000000, 13.289005]
  0023: [68.798000, -390.083896, 151.603000, 180.000000, 0.000000, 9.596794]
  0024: [68.896680, -389.112021, 151.603000, 180.000000, 0.000000, 6.206607]
  0025: [68.932046, -388.137507, 151.603000, 180.000000, 0.000000, 0.000000]
  0026: [68.835335, -317.594077, 151.603000, 180.000000, 0.000000, 0.000000]
  0027: [68.794578, -316.590632, 151.603000, 180.000000, 0.000000, 55.712562]
  0028: [68.689571, -315.593093, 151.603000, 180.000000, 0.000000, 56.477804]
  0029: [68.520785, -314.605738, 151.603000, 180.000000, 0.000000, 56.934681]
  0030: [68.288910, -313.632780, 151.603000, 180.000000, 0.000000, 57.096727]
  0031: [67.994914, -312.678488, 151.603000, 180.000000, 0.000000, 57.246614]
  0032: [67.640049, -311.746867, 151.603000, 180.000000, 0.000000, 57.380404]
  0033: [67.225823, -310.842025, 151.603000, 180.000000, 0.000000, 57.495723]
  0034: [66.753995, -309.967804, 151.603000, 180.000000, 0.000000, 57.161321]
  0035: [66.226574, -309.128013, 151.603000, 180.000000, 0.000000, 56.366029]
  0036: [65.645797, -308.326255, 151.603000, 180.000000, 0.000000, 55.543082]
  0037: [65.014149, -307.565995, 151.603000, 180.000000, 0.000000, 51.741045]
  0038: [64.334311, -306.850569, 151.603000, 180.000000, 0.000000, 47.925827]
  0039: [63.609192, -306.183004, 151.603000, 180.000000, 0.000000, 44.098348]
  0040: [62.841886, -305.566217, 151.603000, 180.000000, 0.000000, 40.259680]
  0041: [62.035695, -305.002894, 151.603000, 180.000000, 0.000000, 36.412063]
  0042: [61.194059, -304.495471, 151.603000, 180.000000, 0.000000, 32.556370]
  0043: [60.320587, -304.046124, 151.603000, 180.000000, 0.000000, 28.694520]
  0044: [59.419033, -303.656826, 151.603000, 180.000000, 0.000000, 24.828774]
  0045: [58.493250, -303.329275, 151.603000, 180.000000, 0.000000, 20.961428]
  0046: [57.547237, -303.064875, 151.603000, 180.000000, 0.000000, 17.093819]
  0047: [56.585047, -302.864756, 151.603000, 180.000000, 0.000000, 13.228929]
  0048: [55.610816, -302.729831, 151.603000, 180.000000, 0.000000, 9.368459]
  0049: [54.628742, -302.660630, 151.603000, 180.000000, 0.000000, 5.943676]
  0050: [53.643055, -302.657500, 151.603000, 180.000000, 0.000000, 0.000000]
  0051: [-37.271873, -305.052257, 151.603000, 180.000000, 0.000000, 0.000000]
  0052: [-38.266550, -305.106875, 151.603000, 180.000000, 0.000000, 55.356935]
  0053: [-39.255390, -305.227263, 151.603000, 180.000000, 0.000000, 56.150616]
  0054: [-40.234182, -305.412891, 151.603000, 180.000000, 0.000000, 56.517875]
  0055: [-41.198680, -305.662941, 151.603000, 180.000000, 0.000000, 56.448935]
  0056: [-42.144730, -305.976361, 151.603000, 180.000000, 0.000000, 56.378045]
  0057: [-43.068277, -306.351826, 151.603000, 180.000000, 0.000000, 52.586246]
  0058: [-43.965321, -306.787615, 151.603000, 180.000000, 0.000000, 52.516735]
  0059: [-44.831996, -307.281910, 151.603000, 180.000000, 0.000000, 52.448827]
  0060: [-45.664595, -307.832547, 151.603000, 180.000000, 0.000000, 51.964256]
  0061: [-46.459531, -308.437111, 151.603000, 180.000000, 0.000000, 51.090700]
  0062: [-47.213393, -309.093008, 151.603000, 180.000000, 0.000000, 50.241740]
  0063: [-47.922938, -309.797381, 151.603000, 180.000000, 0.000000, 46.476987]
  0064: [-48.585171, -310.547188, 151.603000, 180.000000, 0.000000, 42.717471]
  0065: [-49.197226, -311.339160, 151.603000, 180.000000, 0.000000, 38.964232]
  0066: [-49.756488, -312.169903, 151.603000, 180.000000, 0.000000, 35.216344]
  0067: [-50.260611, -313.035763, 151.603000, 180.000000, 0.000000, 31.474097]
  0068: [-50.707409, -313.933069, 151.603000, 180.000000, 0.000000, 27.737206]
  0069: [-51.095021, -314.857879, 151.603000, 180.000000, 0.000000, 24.005781]
  0070: [-51.421804, -315.806214, 151.603000, 180.000000, 0.000000, 20.278491]
  0071: [-51.686410, -316.774009, 151.603000, 180.000000, 0.000000, 16.555528]
  0072: [-51.887712, -317.757074, 151.603000, 180.000000, 0.000000, 12.836158]
  0073: [-52.024866, -318.751175, 151.603000, 180.000000, 0.000000, 9.119264]
  0074: [-52.097363, -319.752032, 151.603000, 180.000000, 0.000000, 5.823675]
  0075: [-52.104872, -320.755370, 151.603000, 180.000000, 0.000000, 0.000000]
  0076: [-50.651410, -390.941625, 151.603000, 180.000000, 0.000000, 0.000000]
  0077: [-50.601763, -391.908492, 151.603000, 180.000000, 0.000000, 55.267340]
  0078: [-50.487958, -392.869875, 151.603000, 180.000000, 0.000000, 56.023234]
  0079: [-50.310584, -393.821672, 151.603000, 180.000000, 0.000000, 56.337476]
  0080: [-50.070362, -394.759897, 151.603000, 180.000000, 0.000000, 56.240237]
  0081: [-49.768390, -395.680498, 151.603000, 180.000000, 0.000000, 56.144423]
  0082: [-49.405967, -396.579603, 151.603000, 180.000000, 0.000000, 56.051265]
  0083: [-48.984689, -397.453362, 151.603000, 180.000000, 0.000000, 55.963547]
  0084: [-48.506383, -398.298074, 151.603000, 180.000000, 0.000000, 55.142685]
  0085: [-47.973100, -399.110153, 151.603000, 180.000000, 0.000000, 53.589358]
  0086: [-47.387137, -399.886159, 151.603000, 180.000000, 0.000000, 49.825803]
  0087: [-46.751039, -400.622798, 151.603000, 180.000000, 0.000000, 46.070134]
  0088: [-46.067559, -401.316893, 151.603000, 180.000000, 0.000000, 42.322646]
  0089: [-45.339578, -401.965536, 151.603000, 180.000000, 0.000000, 38.582982]
  0090: [-44.570275, -402.565936, 151.603000, 180.000000, 0.000000, 34.850544]
  0091: [-43.762924, -403.115541, 151.603000, 180.000000, 0.000000, 31.124758]
  0092: [-42.920987, -403.612010, 151.603000, 180.000000, 0.000000, 27.405291]
  0093: [-42.048032, -404.053211, 151.603000, 180.000000, 0.000000, 23.691361]
  0094: [-41.147839, -404.437255, 151.603000, 180.000000, 0.000000, 19.982322]
  0095: [-40.224208, -404.762526, 151.603000, 180.000000, 0.000000, 16.276638]
  0096: [-39.281105, -405.027619, 151.603000, 180.000000, 0.000000, 12.574521]
  0097: [-38.322518, -405.231344, 151.603000, 180.000000, 0.000000, 8.874936]
  0098: [-37.352572, -405.372878, 151.603000, 180.000000, 0.000000, 5.176448]
  0099: [-36.375366, -405.451611, 151.603000, 180.000000, 0.000000, 0.000000]
  0100: [-35.395053, -405.467148, 151.603000, 180.000000, 0.000000, 0.000000]

[PREPARED]
path 1 count=61
  0000: [-35.395053, -405.467148, 151.603000, 180.000000, 0.000000, 0.000000]
  0001: [-24.211860, -405.211435, 151.603000, 180.000000, 0.000000, 0.000000]
  0002: [-13.028666, -404.955721, 151.603000, 180.000000, 0.000000, 0.000000]
  0003: [-1.845473, -404.700008, 151.603000, 180.000000, 0.000000, 0.000000]
  0004: [9.337721, -404.444295, 151.603000, 180.000000, 0.000000, 0.000000]
  0005: [20.520915, -404.188581, 151.603000, 180.000000, 0.000000, 0.000000]
  0006: [31.704108, -403.932868, 151.603000, 180.000000, 0.000000, 0.000000]
  0007: [42.887302, -403.677154, 151.603000, 180.000000, 0.000000, 0.000000]
  0008: [54.070495, -403.421441, 151.603000, 180.000000, 0.000000, 13.423748]
  0009: [56.962406, -403.052930, 151.603000, 180.000000, 0.000000, 50.680732]
  0010: [59.743229, -402.128800, 151.603000, 180.000000, 0.000000, 52.822712]
  0011: [62.307100, -400.684177, 151.603000, 180.000000, 0.000000, 50.603529]
  0012: [64.556418, -398.773965, 151.603000, 180.000000, 0.000000, 45.209403]
  0013: [66.405338, -396.470904, 151.603000, 180.000000, 0.000000, 34.260373]
  0014: [67.783061, -393.862722, 151.603000, 180.000000, 0.000000, 23.299727]
  0015: [68.636434, -391.049008, 151.603000, 180.000000, 0.000000, 13.351871]
  0016: [68.932046, -388.137507, 151.603000, 180.000000, 0.000000, 8.974714]
  0017: [68.915927, -376.380268, 151.603000, 180.000000, 0.000000, 0.000000]
  0018: [68.899809, -364.623030, 151.603000, 180.000000, 0.000000, 0.000000]
  0019: [68.883690, -352.865792, 151.603000, 180.000000, 0.000000, 0.000000]
  0020: [68.867572, -341.108554, 151.603000, 180.000000, 0.000000, 0.000000]
  0021: [68.851453, -329.351315, 151.603000, 180.000000, 0.000000, 0.000000]
  0022: [68.835335, -317.594077, 151.603000, 180.000000, 0.000000, 13.584442]
  0023: [68.520785, -314.605738, 151.603000, 180.000000, 0.000000, 52.483316]
  0024: [67.640049, -311.746867, 151.603000, 180.000000, 0.000000, 54.911909]
  0025: [66.226574, -309.128013, 151.603000, 180.000000, 0.000000, 52.746605]
  0026: [64.334311, -306.850569, 151.603000, 180.000000, 0.000000, 47.139042]
  0027: [62.035695, -305.002894, 151.603000, 180.000000, 0.000000, 35.686580]
  0028: [59.419033, -303.656826, 151.603000, 180.000000, 0.000000, 24.163934]
  0029: [56.585047, -302.864756, 151.603000, 180.000000, 0.000000, 13.806606]
  0030: [53.643055, -302.657500, 151.603000, 180.000000, 0.000000, 9.171025]
  0031: [42.278689, -302.956845, 151.603000, 180.000000, 0.000000, 0.000000]
  0032: [30.914323, -303.256190, 151.603000, 180.000000, 0.000000, 0.000000]
  0033: [19.549957, -303.555534, 151.603000, 180.000000, 0.000000, 0.000000]
  0034: [8.185591, -303.854879, 151.603000, 180.000000, 0.000000, 0.000000]
  0035: [-3.178775, -304.154223, 151.603000, 180.000000, 0.000000, 0.000000]
  0036: [-14.543141, -304.453568, 151.603000, 180.000000, 0.000000, 0.000000]
  0037: [-25.907507, -304.752913, 151.603000, 180.000000, 0.000000, 0.000000]
  0038: [-37.271873, -305.052257, 151.603000, 180.000000, 0.000000, 13.540684]
  0039: [-40.234182, -305.412891, 151.603000, 180.000000, 0.000000, 51.886894]
  0040: [-43.068277, -306.351826, 151.603000, 180.000000, 0.000000, 54.016192]
  0041: [-45.664595, -307.832547, 151.603000, 180.000000, 0.000000, 51.634365]
  0042: [-47.922938, -309.797381, 151.603000, 180.000000, 0.000000, 40.316972]
  0043: [-49.756488, -312.169903, 151.603000, 180.000000, 0.000000, 34.573024]
  0044: [-51.095021, -314.857879, 151.603000, 180.000000, 0.000000, 23.340893]
  0045: [-51.887712, -317.757074, 151.603000, 180.000000, 0.000000, 13.308495]
  0046: [-52.104872, -320.755370, 151.603000, 180.000000, 0.000000, 8.827316]
  0047: [-51.862628, -332.453079, 151.603000, 180.000000, 0.000000, 0.000000]
  0048: [-51.620385, -344.150788, 151.603000, 180.000000, 0.000000, 0.000000]
  0049: [-51.378141, -355.848498, 151.603000, 180.000000, 0.000000, 0.000000]
  0050: [-51.135897, -367.546207, 151.603000, 180.000000, 0.000000, 0.000000]
  0051: [-50.893654, -379.243916, 151.603000, 180.000000, 0.000000, 0.000000]
  0052: [-50.651410, -390.941625, 151.603000, 180.000000, 0.000000, 13.591590]
  0053: [-50.310584, -393.821672, 151.603000, 180.000000, 0.000000, 51.784562]
  0054: [-49.405967, -396.579603, 151.603000, 180.000000, 0.000000, 52.776426]
  0055: [-47.973100, -399.110153, 151.603000, 180.000000, 0.000000, 49.280741]
  0056: [-46.067559, -401.316893, 151.603000, 180.000000, 0.000000, 37.993127]
  0057: [-43.762924, -403.115541, 151.603000, 180.000000, 0.000000, 26.764811]
  0058: [-41.147839, -404.437255, 151.603000, 180.000000, 0.000000, 15.589787]
  0059: [-38.322518, -405.231344, 151.603000, 180.000000, 0.000000, 6.673006]
  0060: [-35.395053, -405.467148, 151.603000, 180.000000, 0.000000, 0.000000]

[CURVE]
path 1 count=166
  0000: [-35.395053, -405.467148, 151.603000, 180.000000, 0.000000, 0.000000]
  0001: [-32.876178, -405.409552, 151.603000, 180.000000, 0.000000, 0.000000]
  0002: [-30.357302, -405.351955, 151.603000, 180.000000, 0.000000, 0.000000]
  0003: [-27.838426, -405.294359, 151.603000, 180.000000, 0.000000, 0.000000]
  0004: [-25.319550, -405.236763, 151.603000, 180.000000, 0.000000, 0.000000]
  0005: [-22.800675, -405.179167, 151.603000, 180.000000, 0.000000, 0.000000]
  0006: [-20.281799, -405.121570, 151.603000, 180.000000, 0.000000, 0.000000]
  0007: [-17.762923, -405.063974, 151.603000, 180.000000, 0.000000, 0.000000]
  0008: [-15.244048, -405.006378, 151.603000, 180.000000, 0.000000, 0.000000]
  0009: [-12.725172, -404.948782, 151.603000, 180.000000, 0.000000, 0.000000]
  0010: [-10.206296, -404.891185, 151.603000, 180.000000, 0.000000, 0.000000]
  0011: [-7.687420, -404.833589, 151.603000, 180.000000, 0.000000, 0.000000]
  0012: [-5.168545, -404.775993, 151.603000, 180.000000, 0.000000, 0.000000]
  0013: [-2.649669, -404.718397, 151.603000, 180.000000, 0.000000, 0.000000]
  0014: [-0.130793, -404.660800, 151.603000, 180.000000, 0.000000, 0.000000]
  0015: [2.388082, -404.603204, 151.603000, 180.000000, 0.000000, 0.000000]
  0016: [4.906958, -404.545608, 151.603000, 180.000000, 0.000000, 0.000000]
  0017: [7.425834, -404.488011, 151.603000, 180.000000, 0.000000, 0.000000]
  0018: [9.944710, -404.430415, 151.603000, 180.000000, 0.000000, 0.000000]
  0019: [12.463585, -404.372819, 151.603000, 180.000000, 0.000000, 0.000000]
  0020: [14.982461, -404.315223, 151.603000, 180.000000, 0.000000, 0.000000]
  0021: [17.501337, -404.257626, 151.603000, 180.000000, 0.000000, 0.000000]
  0022: [20.020212, -404.200030, 151.603000, 180.000000, 0.000000, 0.000000]
  0023: [22.539088, -404.142434, 151.603000, 180.000000, 0.000000, 0.000000]
  0024: [25.057964, -404.084838, 151.603000, 180.000000, 0.000000, 0.000000]
  0025: [27.576840, -404.027241, 151.603000, 180.000000, 0.000000, 0.000000]
  0026: [30.095715, -403.969645, 151.603000, 180.000000, 0.000000, 0.000000]
  0027: [32.614591, -403.912049, 151.603000, 180.000000, 0.000000, 0.000000]
  0028: [35.133467, -403.854453, 151.603000, 180.000000, 0.000000, 0.000000]
  0029: [37.652343, -403.796856, 151.603000, 180.000000, 0.000000, 0.000000]
  0030: [40.171218, -403.739260, 151.603000, 180.000000, 0.000000, 0.000000]
  0031: [42.690094, -403.681664, 151.603000, 180.000000, 0.000000, 6.317922]
  0032: [45.210747, -403.632446, 151.603000, 180.000000, 0.000000, 12.195599]
  0033: [47.733376, -403.592541, 151.603000, 180.000000, 0.000000, 19.702378]
  0034: [50.254428, -403.545204, 151.603000, 180.000000, 0.000000, 28.293831]
  0035: [52.770336, -403.473615, 151.603000, 180.000000, 0.000000, 35.968957]
  0036: [55.282815, -403.317622, 151.603000, 180.000000, 0.000000, 41.288367]
  0037: [57.754792, -402.863470, 151.603000, 180.000000, 0.000000, 44.889651]
  0038: [60.112530, -401.964293, 151.603000, 180.000000, 0.000000, 46.604451]
  0039: [62.294404, -400.692888, 151.603000, 180.000000, 0.000000, 45.821512]
  0040: [64.242646, -399.087808, 151.603000, 180.000000, 0.000000, 42.688669]
  0041: [65.904671, -397.192435, 151.603000, 180.000000, 0.000000, 37.907357]
  0042: [67.236812, -395.054121, 151.603000, 180.000000, 0.000000, 31.017258]
  0043: [68.203265, -392.727589, 151.603000, 180.000000, 0.000000, 22.565847]
  0044: [68.752183, -390.273789, 151.603000, 180.000000, 0.000000, 14.316782]
  0045: [68.932013, -387.757847, 151.603000, 180.000000, 0.000000, 7.915715]
  0046: [68.930326, -385.242282, 151.603000, 180.000000, 0.000000, 0.000000]
  0047: [68.926775, -382.722531, 151.603000, 180.000000, 0.000000, 0.000000]
  0048: [68.922309, -380.200731, 151.603000, 180.000000, 0.000000, 0.000000]
  0049: [68.917882, -377.679016, 151.603000, 180.000000, 0.000000, 0.000000]
  0050: [68.914253, -375.159092, 151.603000, 180.000000, 0.000000, 0.000000]
  0051: [68.910799, -372.639560, 151.603000, 180.000000, 0.000000, 0.000000]
  0052: [68.907345, -370.120029, 151.603000, 180.000000, 0.000000, 0.000000]
  0053: [68.903891, -367.600497, 151.603000, 180.000000, 0.000000, 0.000000]
  0054: [68.900437, -365.080965, 151.603000, 180.000000, 0.000000, 0.000000]
  0055: [68.896983, -362.561433, 151.603000, 180.000000, 0.000000, 0.000000]
  0056: [68.893528, -360.041902, 151.603000, 180.000000, 0.000000, 0.000000]
  0057: [68.890074, -357.522370, 151.603000, 180.000000, 0.000000, 0.000000]
  0058: [68.886620, -355.002838, 151.603000, 180.000000, 0.000000, 0.000000]
  0059: [68.883166, -352.483306, 151.603000, 180.000000, 0.000000, 0.000000]
  0060: [68.879712, -349.963775, 151.603000, 180.000000, 0.000000, 0.000000]
  0061: [68.876258, -347.444243, 151.603000, 180.000000, 0.000000, 0.000000]
  0062: [68.872804, -344.924711, 151.603000, 180.000000, 0.000000, 0.000000]
  0063: [68.869349, -342.405179, 151.603000, 180.000000, 0.000000, 0.000000]
  0064: [68.865895, -339.885647, 151.603000, 180.000000, 0.000000, 0.000000]
  0065: [68.862441, -337.366116, 151.603000, 180.000000, 0.000000, 0.000000]
  0066: [68.858987, -334.846584, 151.603000, 180.000000, 0.000000, 0.000000]
  0067: [68.855533, -332.327052, 151.603000, 180.000000, 0.000000, 0.000000]
  0068: [68.852079, -329.807520, 151.603000, 180.000000, 0.000000, 0.000000]
  0069: [68.849216, -327.287004, 151.603000, 180.000000, 0.000000, 9.564366]
  0070: [68.847330, -324.764863, 151.603000, 180.000000, 0.000000, 16.519023]
  0071: [68.845081, -322.243325, 151.603000, 180.000000, 0.000000, 25.334872]
  0072: [68.841095, -319.724679, 151.603000, 180.000000, 0.000000, 33.607275]
  0073: [68.826862, -317.210481, 151.603000, 180.000000, 0.000000, 40.151701]
  0074: [68.536405, -314.704403, 151.603000, 180.000000, 0.000000, 44.863885]
  0075: [67.847077, -312.278040, 151.603000, 180.000000, 0.000000, 47.914195]
  0076: [66.772312, -309.999416, 151.603000, 180.000000, 0.000000, 48.124633]
  0077: [65.332470, -307.933615, 151.603000, 180.000000, 0.000000, 45.898773]
  0078: [63.562880, -306.142234, 151.603000, 180.000000, 0.000000, 41.683397]
  0079: [61.511469, -304.680015, 151.603000, 180.000000, 0.000000, 35.524340]
  0080: [59.237065, -303.590249, 151.603000, 180.000000, 0.000000, 26.869141]
  0081: [56.807652, -302.894258, 151.603000, 180.000000, 0.000000, 18.090140]
  0082: [54.300608, -302.671086, 151.603000, 180.000000, 0.000000, 10.776553]
  0083: [51.782668, -302.672256, 151.603000, 180.000000, 0.000000, 5.213662]
  0084: [49.264456, -302.729315, 151.603000, 180.000000, 0.000000, 0.000000]
  0085: [46.745046, -302.811180, 151.603000, 180.000000, 0.000000, 0.000000]
  0086: [44.225382, -302.898300, 151.603000, 180.000000, 0.000000, 0.000000]
  0087: [41.706369, -302.971920, 151.603000, 180.000000, 0.000000, 0.000000]
  0088: [39.187709, -303.038263, 151.603000, 180.000000, 0.000000, 0.000000]
  0089: [36.669048, -303.104606, 151.603000, 180.000000, 0.000000, 0.000000]
  0090: [34.150388, -303.170950, 151.603000, 180.000000, 0.000000, 0.000000]
  0091: [31.631727, -303.237293, 151.603000, 180.000000, 0.000000, 0.000000]
  0092: [29.113067, -303.303636, 151.603000, 180.000000, 0.000000, 0.000000]
  0093: [26.594406, -303.369979, 151.603000, 180.000000, 0.000000, 0.000000]
  0094: [24.075746, -303.436322, 151.603000, 180.000000, 0.000000, 0.000000]
  0095: [21.557085, -303.502665, 151.603000, 180.000000, 0.000000, 0.000000]
  0096: [19.038425, -303.569008, 151.603000, 180.000000, 0.000000, 0.000000]
  0097: [16.519764, -303.635351, 151.603000, 180.000000, 0.000000, 0.000000]
  0098: [14.001104, -303.701694, 151.603000, 180.000000, 0.000000, 0.000000]
  0099: [11.482443, -303.768038, 151.603000, 180.000000, 0.000000, 0.000000]
  0100: [8.963783, -303.834381, 151.603000, 180.000000, 0.000000, 0.000000]
  0101: [6.445122, -303.900724, 151.603000, 180.000000, 0.000000, 0.000000]
  0102: [3.926462, -303.967067, 151.603000, 180.000000, 0.000000, 0.000000]
  0103: [1.407801, -304.033410, 151.603000, 180.000000, 0.000000, 0.000000]
  0104: [-1.110859, -304.099753, 151.603000, 180.000000, 0.000000, 0.000000]
  0105: [-3.629520, -304.166096, 151.603000, 180.000000, 0.000000, 0.000000]
  0106: [-6.148180, -304.232439, 151.603000, 180.000000, 0.000000, 0.000000]
  0107: [-8.666841, -304.298782, 151.603000, 180.000000, 0.000000, 0.000000]
  0108: [-11.185501, -304.365126, 151.603000, 180.000000, 0.000000, 0.000000]
  0109: [-13.704162, -304.431469, 151.603000, 180.000000, 0.000000, 0.000000]
  0110: [-16.222822, -304.497812, 151.603000, 180.000000, 0.000000, 0.000000]
  0111: [-18.741483, -304.564155, 151.603000, 180.000000, 0.000000, 0.000000]
  0112: [-21.260143, -304.630498, 151.603000, 180.000000, 0.000000, 0.000000]
  0113: [-23.778804, -304.696841, 151.603000, 180.000000, 0.000000, 0.000000]
  0114: [-26.297519, -304.762886, 151.603000, 180.000000, 0.000000, 6.832527]
  0115: [-28.818443, -304.816733, 151.603000, 180.000000, 0.000000, 12.899372]
  0116: [-31.340451, -304.864594, 151.603000, 180.000000, 0.000000, 20.602156]
  0117: [-33.860439, -304.923613, 151.603000, 180.000000, 0.000000, 29.242530]
  0118: [-36.375299, -305.010935, 151.603000, 180.000000, 0.000000, 36.919665]
  0119: [-38.889326, -305.202172, 151.603000, 180.000000, 0.000000, 42.199937]
  0120: [-41.351138, -305.696083, 151.603000, 180.000000, 0.000000, 45.749440]
  0121: [-43.689755, -306.639444, 151.603000, 180.000000, 0.000000, 47.171636]
  0122: [-45.841314, -307.958368, 151.603000, 180.000000, 0.000000, 45.994874]
  0123: [-47.748811, -309.615498, 151.603000, 180.000000, 0.000000, 42.566090]
  0124: [-49.356790, -311.559200, 151.603000, 180.000000, 0.000000, 37.565718]
  0125: [-50.622387, -313.738189, 151.603000, 180.000000, 0.000000, 30.402185]
  0126: [-51.515022, -316.094370, 151.603000, 180.000000, 0.000000, 22.013039]
  0127: [-51.976228, -318.564326, 151.603000, 180.000000, 0.000000, 14.103933]
  0128: [-52.104491, -321.084999, 151.603000, 180.000000, 0.000000, 7.825894]
  0129: [-52.079632, -323.602099, 151.603000, 180.000000, 0.000000, 0.000000]
  0130: [-52.026255, -326.121177, 151.603000, 180.000000, 0.000000, 0.000000]
  0131: [-51.958874, -328.641227, 151.603000, 180.000000, 0.000000, 0.000000]
  0132: [-51.892004, -331.161241, 151.603000, 180.000000, 0.000000, 0.000000]
  0133: [-51.837212, -333.680418, 151.603000, 180.000000, 0.000000, 0.000000]
  0134: [-51.785047, -336.199412, 151.603000, 180.000000, 0.000000, 0.000000]
  0135: [-51.732882, -338.718406, 151.603000, 180.000000, 0.000000, 0.000000]
  0136: [-51.680717, -341.237400, 151.603000, 180.000000, 0.000000, 0.000000]
  0137: [-51.628552, -343.756394, 151.603000, 180.000000, 0.000000, 0.000000]
  0138: [-51.576387, -346.275388, 151.603000, 180.000000, 0.000000, 0.000000]
  0139: [-51.524222, -348.794382, 151.603000, 180.000000, 0.000000, 0.000000]
  0140: [-51.472057, -351.313376, 151.603000, 180.000000, 0.000000, 0.000000]
  0141: [-51.419892, -353.832370, 151.603000, 180.000000, 0.000000, 0.000000]
  0142: [-51.367727, -356.351364, 151.603000, 180.000000, 0.000000, 0.000000]
  0143: [-51.315562, -358.870358, 151.603000, 180.000000, 0.000000, 0.000000]
  0144: [-51.263397, -361.389352, 151.603000, 180.000000, 0.000000, 0.000000]
  0145: [-51.211232, -363.908346, 151.603000, 180.000000, 0.000000, 0.000000]
  0146: [-51.159068, -366.427340, 151.603000, 180.000000, 0.000000, 0.000000]
  0147: [-51.106903, -368.946334, 151.603000, 180.000000, 0.000000, 0.000000]
  0148: [-51.054738, -371.465328, 151.603000, 180.000000, 0.000000, 0.000000]
  0149: [-51.002573, -373.984322, 151.603000, 180.000000, 0.000000, 0.000000]
  0150: [-50.950408, -376.503317, 151.603000, 180.000000, 0.000000, 0.000000]
  0151: [-50.898243, -379.022311, 151.603000, 180.000000, 0.000000, 5.254550]
  0152: [-50.853428, -381.542771, 151.603000, 180.000000, 0.000000, 10.806052]
  0153: [-50.817562, -384.065016, 151.603000, 180.000000, 0.000000, 18.126937]
  0154: [-50.776522, -386.586230, 151.603000, 180.000000, 0.000000, 26.965107]
  0155: [-50.716102, -389.103577, 151.603000, 180.000000, 0.000000, 35.441129]
  0156: [-50.608841, -391.616451, 151.603000, 180.000000, 0.000000, 41.515349]
  0157: [-50.254059, -394.108281, 151.603000, 180.000000, 0.000000, 45.727667]
  0158: [-49.439475, -396.499699, 151.603000, 180.000000, 0.000000, 47.895734]
  0159: [-48.238035, -398.718357, 151.603000, 180.000000, 0.000000, 46.387683]
  0160: [-46.680652, -400.699719, 151.603000, 180.000000, 0.000000, 42.141423]
  0161: [-44.811977, -402.388621, 151.603000, 180.000000, 0.000000, 32.468087]
  0162: [-42.686388, -403.739233, 151.603000, 180.000000, 0.000000, 22.755025]
  0163: [-40.364629, -404.716310, 151.603000, 180.000000, 0.000000, 13.228358]
  0164: [-37.912646, -405.282323, 151.603000, 180.000000, 0.000000, 5.646675]
  0165: [-35.395053, -405.467148, 151.603000, 180.000000, 0.000000, 0.000000]

[SAMPLED]
path 1 count=43
  0000: [-35.395053, -405.467148, 151.603000, 180.000000, 0.000000, 0.000000]
  0001: [-25.397666, -405.238549, 151.603000, 180.000000, 0.000000, 0.000000]
  0002: [-15.400280, -405.009950, 151.603000, 180.000000, 0.000000, 0.000000]
  0003: [-5.402893, -404.781351, 151.603000, 180.000000, 0.000000, 0.000000]
  0004: [4.594494, -404.552753, 151.603000, 180.000000, 0.000000, 0.000000]
  0005: [14.591881, -404.324154, 151.603000, 180.000000, 0.000000, 0.000000]
  0006: [24.589267, -404.095555, 151.603000, 180.000000, 0.000000, 0.000000]
  0007: [34.586654, -403.866956, 151.603000, 180.000000, 0.000000, 0.000000]
  0008: [44.584175, -403.644681, 151.603000, 180.000000, 0.000000, 11.697670]
  0009: [54.578795, -403.361333, 151.603000, 180.000000, 0.000000, 17.323672]
  0010: [63.631643, -399.591189, 151.603000, 180.000000, 0.000000, 17.762724]
  0011: [68.563224, -391.118484, 151.603000, 180.000000, 0.000000, 17.690930]
  0012: [68.923983, -381.145786, 151.603000, 180.000000, 0.000000, 13.493760]
  0013: [68.908751, -371.145797, 151.603000, 180.000000, 0.000000, 6.056062]
  0014: [68.895042, -361.145807, 151.603000, 180.000000, 0.000000, 0.000000]
  0015: [68.881332, -351.145816, 151.603000, 180.000000, 0.000000, 0.000000]
  0016: [68.867623, -341.145825, 151.603000, 180.000000, 0.000000, 0.000000]
  0017: [68.853913, -331.145835, 151.603000, 180.000000, 0.000000, 8.709737]
  0018: [68.843344, -321.145841, 151.603000, 180.000000, 0.000000, 16.140888]
  0019: [67.412217, -311.356088, 151.603000, 180.000000, 0.000000, 18.328923]
  0020: [60.659531, -304.271815, 151.603000, 180.000000, 0.000000, 18.289660]
  0021: [50.922251, -302.691752, 151.603000, 180.000000, 0.000000, 16.638383]
  0022: [40.926857, -302.992453, 151.603000, 180.000000, 0.000000, 9.576325]
  0023: [30.930325, -303.255768, 151.603000, 180.000000, 0.000000, 0.000000]
  0024: [20.933792, -303.519083, 151.603000, 180.000000, 0.000000, 0.000000]
  0025: [10.937259, -303.782398, 151.603000, 180.000000, 0.000000, 0.000000]
  0026: [0.940727, -304.045713, 151.603000, 180.000000, 0.000000, 0.000000]
  0027: [-9.055806, -304.309028, 151.603000, 180.000000, 0.000000, 0.000000]
  0028: [-19.052339, -304.572343, 151.603000, 180.000000, 0.000000, 5.071688]
  0029: [-29.049217, -304.821113, 151.603000, 180.000000, 0.000000, 12.658060]
  0030: [-39.036404, -305.231680, 151.603000, 180.000000, 0.000000, 17.713756]
  0031: [-47.791517, -309.667121, 151.603000, 180.000000, 0.000000, 17.972617]
  0032: [-51.974809, -318.556729, 151.603000, 180.000000, 0.000000, 17.766456]
  0033: [-51.961266, -328.551780, 151.603000, 180.000000, 0.000000, 12.863810]
  0034: [-51.736385, -338.549221, 151.603000, 180.000000, 0.000000, 5.277438]
  0035: [-51.529343, -348.547078, 151.603000, 180.000000, 0.000000, 0.000000]
  0036: [-51.322301, -358.544934, 151.603000, 180.000000, 0.000000, 0.000000]
  0037: [-51.115259, -368.542791, 151.603000, 180.000000, 0.000000, 0.000000]
  0038: [-50.908217, -378.540647, 151.603000, 180.000000, 0.000000, 9.780613]
  0039: [-50.729653, -388.538994, 151.603000, 180.000000, 0.000000, 15.689022]
  0040: [-48.545785, -398.150045, 151.603000, 180.000000, 0.000000, 15.689022]
  0041: [-41.030669, -404.436017, 151.603000, 180.000000, 0.000000, 15.721659]
  0042: [-35.395053, -405.467148, 151.603000, 180.000000, 0.000000, 0.000000]

[EXECUTION]
path 1 count=55
  0000: [-35.395053, -405.467148, 151.603000, 180.000000, 0.000000, 0.000000]
  0001: [-27.897013, -405.295699, 151.603000, 180.000000, 0.000000, 0.000000]
  0002: [-20.398973, -405.124250, 151.603000, 180.000000, 0.000000, 0.000000]
  0003: [-12.900933, -404.952801, 151.603000, 180.000000, 0.000000, 0.000000]
  0004: [2.095147, -404.609902, 151.603000, 180.000000, 0.000000, 0.000000]
  0005: [9.593187, -404.438453, 151.603000, 180.000000, 0.000000, 0.000000]
  0006: [17.091227, -404.267004, 151.603000, 180.000000, 0.000000, 0.000000]
  0007: [32.087308, -403.924106, 151.603000, 180.000000, 0.000000, 0.000000]
  0008: [39.585419, -403.755818, 151.603000, 180.000000, 0.000000, 5.848840]
  0009: [47.083180, -403.573834, 151.603000, 180.000000, 0.000000, 13.104367]
  0010: [54.580062, -403.360805, 151.603000, 180.000000, 0.000000, 17.323733]
  0011: [61.503649, -400.477412, 151.603000, 180.000000, 0.000000, 17.659519]
  0012: [66.244891, -395.101498, 151.603000, 180.000000, 0.000000, 17.724680]
  0013: [68.667751, -388.228961, 151.603000, 180.000000, 0.000000, 16.474828]
  0014: [68.923355, -380.733594, 151.603000, 180.000000, 0.000000, 13.187185]
  0015: [68.911931, -373.233603, 151.603000, 180.000000, 0.000000, 7.608911]
  0016: [68.901331, -365.733610, 151.603000, 180.000000, 0.000000, 2.778405]
  0017: [68.891049, -358.233617, 151.603000, 180.000000, 0.000000, 0.000000]
  0018: [68.880767, -350.733625, 151.603000, 180.000000, 0.000000, 0.000000]
  0019: [68.870485, -343.233632, 151.603000, 180.000000, 0.000000, 0.000000]
  0020: [68.860203, -335.733639, 151.603000, 180.000000, 0.000000, 4.713877]
  0021: [68.850835, -328.233645, 151.603000, 180.000000, 0.000000, 10.873831]
  0022: [68.783721, -320.737984, 151.603000, 180.000000, 0.000000, 16.232045]
  0023: [67.698855, -313.316861, 151.603000, 180.000000, 0.000000, 17.890685]
  0024: [63.604731, -307.361637, 151.603000, 180.000000, 0.000000, 18.306785]
  0025: [57.469882, -303.754232, 151.603000, 180.000000, 0.000000, 17.748750]
  0026: [50.055918, -302.717815, 151.603000, 180.000000, 0.000000, 16.026292]
  0027: [42.559310, -302.943342, 151.603000, 180.000000, 0.000000, 10.729704]
  0028: [35.062082, -303.146935, 151.603000, 180.000000, 0.000000, 3.958078]
  0029: [27.564683, -303.344421, 151.603000, 180.000000, 0.000000, 0.000000]
  0030: [20.067283, -303.541907, 151.603000, 180.000000, 0.000000, 0.000000]
  0031: [12.569884, -303.739394, 151.603000, 180.000000, 0.000000, 0.000000]
  0032: [5.072484, -303.936880, 151.603000, 180.000000, 0.000000, 0.000000]
  0033: [-2.424915, -304.134366, 151.603000, 180.000000, 0.000000, 0.000000]
  0034: [-9.922315, -304.331852, 151.603000, 180.000000, 0.000000, 0.439619]
  0035: [-17.419714, -304.529339, 151.603000, 180.000000, 0.000000, 4.243385]
  0036: [-24.917332, -304.718292, 151.603000, 180.000000, 0.000000, 9.522479]
  0037: [-32.413212, -304.959405, 151.603000, 180.000000, 0.000000, 14.360975]
  0038: [-39.813575, -305.625404, 151.603000, 180.000000, 0.000000, 17.736734]
  0039: [-46.503992, -309.014846, 151.603000, 180.000000, 0.000000, 17.934549]
  0040: [-50.370405, -315.147328, 151.603000, 180.000000, 0.000000, 17.845524]
  0041: [-51.969752, -322.288685, 151.603000, 180.000000, 0.000000, 15.935904]
  0042: [-51.933450, -329.788366, 151.603000, 180.000000, 0.000000, 11.925450]
  0043: [-51.764789, -337.286470, 151.603000, 180.000000, 0.000000, 6.235654]
  0044: [-51.607255, -344.784813, 151.603000, 180.000000, 0.000000, 1.985938]
  0045: [-51.451973, -352.283206, 151.603000, 180.000000, 0.000000, 0.000000]
  0046: [-51.296692, -359.781598, 151.603000, 180.000000, 0.000000, 0.000000]
  0047: [-51.141410, -367.279990, 151.603000, 180.000000, 0.000000, 0.000000]
  0048: [-50.986129, -374.778383, 151.603000, 180.000000, 0.000000, 6.100099]
  0049: [-50.841489, -382.276980, 151.603000, 180.000000, 0.000000, 11.988557]
  0050: [-50.455565, -389.745234, 151.603000, 180.000000, 0.000000, 15.689022]
  0051: [-48.793741, -397.058806, 151.603000, 180.000000, 0.000000, 15.689022]
  0052: [-43.651303, -402.244004, 151.603000, 180.000000, 0.000000, 15.710278]
  0053: [-37.013875, -405.170957, 151.603000, 180.000000, 0.000000, 4.516022]
  0054: [-35.395053, -405.467148, 151.603000, 180.000000, 0.000000, 0.000000]
