# Trajectory point dump
# timestamp=20260507_142845

[RAW]
path 1 count=101
  0000: [47.838296, -403.634210, 151.603000, 180.000000, 0.000000, 0.000000]
  0001: [48.807229, -403.565998, 151.603000, 180.000000, 0.000000, 0.000000]
  0002: [49.771495, -403.434671, 151.603000, 180.000000, 0.000000, 54.084861]
  0003: [50.727018, -403.240755, 151.603000, 180.000000, 0.000000, 54.764106]
  0004: [51.669725, -402.985054, 151.603000, 180.000000, 0.000000, 54.716958]
  0005: [52.595645, -402.668676, 151.603000, 180.000000, 0.000000, 54.692705]
  0006: [53.500813, -402.292977, 151.603000, 180.000000, 0.000000, 54.692730]
  0007: [54.381432, -401.859492, 151.603000, 180.000000, 0.000000, 54.402286]
  0008: [55.233728, -401.370095, 151.603000, 180.000000, 0.000000, 53.837817]
  0009: [56.054106, -400.826871, 151.603000, 180.000000, 0.000000, 53.280847]
  0010: [56.839083, -400.232118, 151.603000, 180.000000, 0.000000, 49.639480]
  0011: [57.585311, -399.588318, 151.603000, 180.000000, 0.000000, 46.003860]
  0012: [58.289630, -398.898224, 151.603000, 180.000000, 0.000000, 42.371936]
  0013: [58.949038, -398.164770, 151.603000, 180.000000, 0.000000, 38.742116]
  0014: [59.560710, -397.391073, 151.603000, 180.000000, 0.000000, 35.112939]
  0015: [60.122065, -396.580399, 151.603000, 180.000000, 0.000000, 31.482283]
  0016: [60.630670, -395.736225, 151.603000, 180.000000, 0.000000, 27.847995]
  0017: [61.084368, -394.862118, 151.603000, 180.000000, 0.000000, 24.208610]
  0018: [61.481187, -393.961793, 151.603000, 180.000000, 0.000000, 20.561798]
  0019: [61.819431, -393.039115, 151.603000, 180.000000, 0.000000, 16.906047]
  0020: [62.097615, -392.097978, 151.603000, 180.000000, 0.000000, 13.239688]
  0021: [62.314532, -391.142422, 151.603000, 180.000000, 0.000000, 9.561066]
  0022: [62.469234, -390.176516, 151.603000, 180.000000, 0.000000, 6.184470]
  0023: [62.560998, -389.204388, 151.603000, 180.000000, 0.000000, 0.000000]
  0024: [66.563299, -318.708829, 151.603000, 180.000000, 0.000000, 0.000000]
  0025: [66.580902, -317.704220, 151.603000, 180.000000, 0.000000, 55.656785]
  0026: [66.534161, -316.701816, 151.603000, 180.000000, 0.000000, 56.436825]
  0027: [66.423297, -315.705900, 151.603000, 180.000000, 0.000000, 56.909578]
  0028: [66.248749, -314.720764, 151.603000, 180.000000, 0.000000, 57.089543]
  0029: [66.011259, -313.750621, 151.603000, 180.000000, 0.000000, 57.257890]
  0030: [65.711824, -312.799708, 151.603000, 180.000000, 0.000000, 57.410557]
  0031: [65.351735, -311.872045, 151.603000, 180.000000, 0.000000, 57.544738]
  0032: [64.932486, -310.971680, 151.603000, 180.000000, 0.000000, 57.230465]
  0033: [64.455862, -310.102470, 151.603000, 180.000000, 0.000000, 56.453688]
  0034: [63.923915, -309.268176, 151.603000, 180.000000, 0.000000, 55.647612]
  0035: [63.338893, -308.472420, 151.603000, 180.000000, 0.000000, 51.847866]
  0036: [62.703290, -307.718619, 151.603000, 180.000000, 0.000000, 48.033618]
  0037: [62.019824, -307.010064, 151.603000, 180.000000, 0.000000, 44.205755]
  0038: [61.291405, -306.349783, 151.603000, 180.000000, 0.000000, 40.365146]
  0039: [60.521166, -305.740632, 151.603000, 180.000000, 0.000000, 36.513744]
  0040: [59.712397, -305.185313, 151.603000, 180.000000, 0.000000, 32.653266]
  0041: [58.868553, -304.686155, 151.603000, 180.000000, 0.000000, 28.785243]
  0042: [57.993259, -304.245350, 151.603000, 180.000000, 0.000000, 24.911524]
  0043: [57.090275, -303.864827, 151.603000, 180.000000, 0.000000, 21.035031]
  0044: [56.163473, -303.546238, 151.603000, 180.000000, 0.000000, 17.157694]
  0045: [55.216836, -303.290958, 151.603000, 180.000000, 0.000000, 13.281677]
  0046: [54.254444, -303.100071, 151.603000, 180.000000, 0.000000, 9.409432]
  0047: [53.280414, -302.974429, 151.603000, 180.000000, 0.000000, 5.970461]
  0048: [52.298971, -302.914580, 151.603000, 180.000000, 0.000000, 0.000000]
  0049: [-38.458204, -300.101132, 151.603000, 180.000000, 0.000000, 0.000000]
  0050: [-39.453843, -300.098837, 151.603000, 180.000000, 0.000000, 55.393787]
  0051: [-40.447494, -300.162634, 151.603000, 180.000000, 0.000000, 56.169145]
  0052: [-41.434925, -300.292317, 151.603000, 180.000000, 0.000000, 56.521310]
  0053: [-42.411835, -300.487268, 151.603000, 180.000000, 0.000000, 52.717725]
  0054: [-43.374040, -300.746637, 151.603000, 180.000000, 0.000000, 52.635734]
  0055: [-44.317403, -301.069362, 151.603000, 180.000000, 0.000000, 52.552744]
  0056: [-45.237839, -301.454012, 151.603000, 180.000000, 0.000000, 52.469536]
  0057: [-46.131369, -301.898928, 151.603000, 180.000000, 0.000000, 52.387767]
  0058: [-46.994178, -302.402159, 151.603000, 180.000000, 0.000000, 51.884372]
  0059: [-47.822562, -302.961555, 151.603000, 180.000000, 0.000000, 50.985790]
  0060: [-48.612926, -303.574644, 151.603000, 180.000000, 0.000000, 50.113336]
  0061: [-49.361914, -304.238816, 151.603000, 180.000000, 0.000000, 46.349511]
  0062: [-50.066280, -304.951156, 151.603000, 180.000000, 0.000000, 42.592402]
  0063: [-50.723056, -305.708607, 151.603000, 180.000000, 0.000000, 38.842264]
  0064: [-51.329374, -306.507868, 151.603000, 180.000000, 0.000000, 35.099138]
  0065: [-51.882698, -307.345487, 151.603000, 180.000000, 0.000000, 31.362280]
  0066: [-52.380653, -308.217823, 151.603000, 180.000000, 0.000000, 27.631878]
  0067: [-52.821110, -309.121161, 151.603000, 180.000000, 0.000000, 23.907414]
  0068: [-53.202233, -310.051540, 151.603000, 180.000000, 0.000000, 20.188115]
  0069: [-53.522384, -311.004967, 151.603000, 180.000000, 0.000000, 16.473494]
  0070: [-53.780239, -311.977341, 151.603000, 180.000000, 0.000000, 12.763269]
  0071: [-53.974722, -312.964441, 151.603000, 180.000000, 0.000000, 9.056104]
  0072: [-54.105032, -313.962029, 151.603000, 180.000000, 0.000000, 5.776483]
  0073: [-54.170653, -314.965807, 151.603000, 180.000000, 0.000000, 0.000000]
  0074: [-56.826915, -385.279724, 151.603000, 180.000000, 0.000000, 0.000000]
  0075: [-56.834689, -386.248895, 151.603000, 180.000000, 0.000000, 55.373736]
  0076: [-56.778172, -387.216103, 151.603000, 180.000000, 0.000000, 56.162005]
  0077: [-56.657592, -388.177220, 151.603000, 180.000000, 0.000000, 56.499364]
  0078: [-56.473538, -389.128175, 151.603000, 180.000000, 0.000000, 56.412427]
  0079: [-56.226769, -390.064926, 151.603000, 180.000000, 0.000000, 56.322807]
  0080: [-55.918404, -390.983486, 151.603000, 180.000000, 0.000000, 56.233438]
  0081: [-55.549783, -391.879955, 151.603000, 180.000000, 0.000000, 56.144668]
  0082: [-55.122521, -392.750550, 151.603000, 180.000000, 0.000000, 55.755304]
  0083: [-54.638440, -393.591545, 151.603000, 180.000000, 0.000000, 55.071116]
  0084: [-54.099654, -394.399358, 151.603000, 180.000000, 0.000000, 53.652587]
  0085: [-53.508480, -395.170617, 151.603000, 180.000000, 0.000000, 49.883370]
  0086: [-52.867464, -395.902002, 151.603000, 180.000000, 0.000000, 46.121406]
  0087: [-52.179358, -396.590433, 151.603000, 180.000000, 0.000000, 42.367278]
  0088: [-51.447105, -397.232945, 151.603000, 180.000000, 0.000000, 38.620033]
  0089: [-50.673884, -397.826844, 151.603000, 180.000000, 0.000000, 34.879947]
  0090: [-49.862951, -398.369582, 151.603000, 180.000000, 0.000000, 31.146591]
  0091: [-49.017796, -398.858849, 151.603000, 180.000000, 0.000000, 27.419479]
  0092: [-48.142075, -399.292547, 151.603000, 180.000000, 0.000000, 23.697788]
  0093: [-47.239459, -399.668818, 151.603000, 180.000000, 0.000000, 19.981382]
  0094: [-46.313817, -399.986076, 151.603000, 180.000000, 0.000000, 16.269410]
  0095: [-45.369114, -400.242947, 151.603000, 180.000000, 0.000000, 12.560882]
  0096: [-44.409375, -400.438331, 151.603000, 180.000000, 0.000000, 8.855443]
  0097: [-43.438677, -400.571371, 151.603000, 180.000000, 0.000000, 5.456040]
  0098: [-42.461119, -400.641486, 151.603000, 180.000000, 0.000000, 0.000000]
  0099: [46.868822, -403.638963, 151.603000, 180.000000, 0.000000, 0.000000]
  0100: [47.838296, -403.634210, 151.603000, 180.000000, 0.000000, 0.000000]

[PREPARED]
path 1 count=61
  0000: [47.838296, -403.634210, 151.603000, 180.000000, 0.000000, 0.000000]
  0001: [50.727018, -403.240755, 151.603000, 180.000000, 0.000000, 0.000000]
  0002: [53.500813, -402.292977, 151.603000, 180.000000, 0.000000, 51.135800]
  0003: [56.054106, -400.826871, 151.603000, 180.000000, 0.000000, 49.368891]
  0004: [58.289630, -398.898224, 151.603000, 180.000000, 0.000000, 38.406215]
  0005: [60.122065, -396.580399, 151.603000, 180.000000, 0.000000, 27.472477]
  0006: [61.481187, -393.961793, 151.603000, 180.000000, 0.000000, 16.209058]
  0007: [62.314532, -391.142422, 151.603000, 180.000000, 0.000000, 7.015986]
  0008: [63.228048, -377.455128, 151.603000, 180.000000, 0.000000, 0.000000]
  0009: [63.895098, -365.705869, 151.603000, 180.000000, 0.000000, 0.000000]
  0010: [64.562148, -353.956609, 151.603000, 180.000000, 0.000000, 0.000000]
  0011: [65.229199, -342.207349, 151.603000, 180.000000, 0.000000, 0.000000]
  0012: [65.896249, -330.458089, 151.603000, 180.000000, 0.000000, 0.000000]
  0013: [66.563299, -318.708829, 151.603000, 180.000000, 0.000000, 13.558107]
  0014: [66.423297, -315.705900, 151.603000, 180.000000, 0.000000, 52.462266]
  0015: [65.711824, -312.799708, 151.603000, 180.000000, 0.000000, 54.928154]
  0016: [64.455862, -310.102470, 151.603000, 180.000000, 0.000000, 52.799451]
  0017: [62.703290, -307.718619, 151.603000, 180.000000, 0.000000, 47.220092]
  0018: [60.521166, -305.740632, 151.603000, 180.000000, 0.000000, 35.765392]
  0019: [57.993259, -304.245350, 151.603000, 180.000000, 0.000000, 24.229189]
  0020: [55.216836, -303.290958, 151.603000, 180.000000, 0.000000, 13.848863]
  0021: [52.298971, -302.914580, 151.603000, 180.000000, 0.000000, 9.204781]
  0022: [40.954324, -302.562899, 151.603000, 180.000000, 0.000000, 0.000000]
  0023: [29.609677, -302.211218, 151.603000, 180.000000, 0.000000, 0.000000]
  0024: [18.265031, -301.859537, 151.603000, 180.000000, 0.000000, 0.000000]
  0025: [6.920384, -301.507856, 151.603000, 180.000000, 0.000000, 0.000000]
  0026: [-4.424263, -301.156175, 151.603000, 180.000000, 0.000000, 0.000000]
  0027: [-15.768910, -300.804494, 151.603000, 180.000000, 0.000000, 0.000000]
  0028: [-27.113557, -300.452813, 151.603000, 180.000000, 0.000000, 0.000000]
  0029: [-38.458204, -300.101132, 151.603000, 180.000000, 0.000000, 13.564245]
  0030: [-41.434925, -300.292317, 151.603000, 180.000000, 0.000000, 51.893722]
  0031: [-44.317403, -301.069362, 151.603000, 180.000000, 0.000000, 53.985594]
  0032: [-46.994178, -302.402159, 151.603000, 180.000000, 0.000000, 43.816088]
  0033: [-49.361914, -304.238816, 151.603000, 180.000000, 0.000000, 40.247754]
  0034: [-51.329374, -306.507868, 151.603000, 180.000000, 0.000000, 34.488708]
  0035: [-52.821110, -309.121161, 151.603000, 180.000000, 0.000000, 23.271152]
  0036: [-53.780239, -311.977341, 151.603000, 180.000000, 0.000000, 13.264003]
  0037: [-54.170653, -314.965807, 151.603000, 180.000000, 0.000000, 8.790889]
  0038: [-54.613363, -326.684793, 151.603000, 180.000000, 0.000000, 0.000000]
  0039: [-55.056073, -338.403779, 151.603000, 180.000000, 0.000000, 0.000000]
  0040: [-55.498784, -350.122765, 151.603000, 180.000000, 0.000000, 0.000000]
  0041: [-55.941494, -361.841752, 151.603000, 180.000000, 0.000000, 0.000000]
  0042: [-56.384205, -373.560738, 151.603000, 180.000000, 0.000000, 0.000000]
  0043: [-56.826915, -385.279724, 151.603000, 180.000000, 0.000000, 13.587553]
  0044: [-56.657592, -388.177220, 151.603000, 180.000000, 0.000000, 51.899859]
  0045: [-55.918404, -390.983486, 151.603000, 180.000000, 0.000000, 54.094664]
  0046: [-54.638440, -393.591545, 151.603000, 180.000000, 0.000000, 51.784248]
  0047: [-52.867464, -395.902002, 151.603000, 180.000000, 0.000000, 46.095641]
  0048: [-50.673884, -397.826844, 151.603000, 180.000000, 0.000000, 34.830731]
  0049: [-48.142075, -399.292547, 151.603000, 180.000000, 0.000000, 23.619583]
  0050: [-45.369114, -400.242947, 151.603000, 180.000000, 0.000000, 13.498021]
  0051: [-42.461119, -400.641486, 151.603000, 180.000000, 0.000000, 9.028413]
  0052: [-31.294876, -401.016170, 151.603000, 180.000000, 0.000000, 0.000000]
  0053: [-20.128634, -401.390855, 151.603000, 180.000000, 0.000000, 0.000000]
  0054: [-8.962391, -401.765540, 151.603000, 180.000000, 0.000000, 0.000000]
  0055: [2.203852, -402.140224, 151.603000, 180.000000, 0.000000, 0.000000]
  0056: [13.370094, -402.514909, 151.603000, 180.000000, 0.000000, 0.000000]
  0057: [24.536337, -402.889594, 151.603000, 180.000000, 0.000000, 0.000000]
  0058: [35.702580, -403.264278, 151.603000, 180.000000, 0.000000, 0.000000]
  0059: [46.868822, -403.638963, 151.603000, 180.000000, 0.000000, 0.000000]
  0060: [47.838296, -403.634210, 151.603000, 180.000000, 0.000000, 0.000000]

[CURVE]
path 1 count=166
  0000: [47.838296, -403.634210, 151.603000, 180.000000, 0.000000, 0.000000]
  0001: [50.342286, -403.314972, 151.603000, 180.000000, 0.000000, 0.000000]
  0002: [52.757112, -402.604844, 151.603000, 180.000000, 0.000000, 45.035929]
  0003: [55.020558, -401.500659, 151.603000, 180.000000, 0.000000, 45.660512]
  0004: [57.072765, -400.041688, 151.603000, 180.000000, 0.000000, 42.816044]
  0005: [58.861250, -398.268525, 151.603000, 180.000000, 0.000000, 38.232124]
  0006: [60.340880, -396.228412, 151.603000, 180.000000, 0.000000, 31.956578]
  0007: [61.476429, -393.974267, 151.603000, 180.000000, 0.000000, 23.114192]
  0008: [62.245282, -391.565538, 151.603000, 180.000000, 0.000000, 15.250785]
  0009: [62.541652, -389.097986, 151.603000, 180.000000, 0.000000, 8.773148]
  0010: [62.744416, -386.597307, 151.603000, 180.000000, 0.000000, 0.000000]
  0011: [62.893951, -384.074622, 151.603000, 180.000000, 0.000000, 0.000000]
  0012: [63.016975, -381.541978, 151.603000, 180.000000, 0.000000, 0.000000]
  0013: [63.140207, -379.011425, 151.603000, 180.000000, 0.000000, 0.000000]
  0014: [63.286270, -376.493273, 151.603000, 180.000000, 0.000000, 0.000000]
  0015: [63.433119, -373.978328, 151.603000, 180.000000, 0.000000, 0.000000]
  0016: [63.574653, -371.463026, 151.603000, 180.000000, 0.000000, 0.000000]
  0017: [63.713940, -368.947572, 151.603000, 180.000000, 0.000000, 0.000000]
  0018: [63.854051, -366.432173, 151.603000, 180.000000, 0.000000, 0.000000]
  0019: [63.996662, -363.916943, 151.603000, 180.000000, 0.000000, 0.000000]
  0020: [64.139461, -361.401726, 151.603000, 180.000000, 0.000000, 0.000000]
  0021: [64.282259, -358.886509, 151.603000, 180.000000, 0.000000, 0.000000]
  0022: [64.425058, -356.371291, 151.603000, 180.000000, 0.000000, 0.000000]
  0023: [64.567856, -353.856074, 151.603000, 180.000000, 0.000000, 0.000000]
  0024: [64.710655, -351.340856, 151.603000, 180.000000, 0.000000, 0.000000]
  0025: [64.853453, -348.825639, 151.603000, 180.000000, 0.000000, 0.000000]
  0026: [64.996251, -346.310421, 151.603000, 180.000000, 0.000000, 0.000000]
  0027: [65.139050, -343.795204, 151.603000, 180.000000, 0.000000, 0.000000]
  0028: [65.281848, -341.279987, 151.603000, 180.000000, 0.000000, 0.000000]
  0029: [65.424647, -338.764769, 151.603000, 180.000000, 0.000000, 0.000000]
  0030: [65.567445, -336.249552, 151.603000, 180.000000, 0.000000, 0.000000]
  0031: [65.710244, -333.734334, 151.603000, 180.000000, 0.000000, 0.000000]
  0032: [65.853042, -331.219117, 151.603000, 180.000000, 0.000000, 0.000000]
  0033: [66.008490, -328.703969, 151.603000, 180.000000, 0.000000, 9.610503]
  0034: [66.194712, -326.188992, 151.603000, 180.000000, 0.000000, 16.253306]
  0035: [66.375424, -323.673983, 151.603000, 180.000000, 0.000000, 24.080947]
  0036: [66.511361, -321.158728, 151.603000, 180.000000, 0.000000, 32.364504]
  0037: [66.563210, -318.642989, 151.603000, 180.000000, 0.000000, 39.136705]
  0038: [66.455029, -316.122112, 151.603000, 180.000000, 0.000000, 43.942551]
  0039: [65.983515, -313.650548, 151.603000, 180.000000, 0.000000, 47.319466]
  0040: [65.093643, -311.294146, 151.603000, 180.000000, 0.000000, 48.354375]
  0041: [63.824097, -309.119520, 151.603000, 180.000000, 0.000000, 46.483195]
  0042: [62.204072, -307.190642, 151.603000, 180.000000, 0.000000, 42.470168]
  0043: [60.276339, -305.565558, 151.603000, 180.000000, 0.000000, 36.540530]
  0044: [58.095668, -304.291148, 151.603000, 180.000000, 0.000000, 28.069536]
  0045: [55.729866, -303.407370, 151.603000, 180.000000, 0.000000, 19.156590]
  0046: [53.250521, -302.993842, 151.603000, 180.000000, 0.000000, 11.605341]
  0047: [50.738963, -302.836166, 151.603000, 180.000000, 0.000000, 5.778139]
  0048: [48.223271, -302.745012, 151.603000, 180.000000, 0.000000, 0.000000]
  0049: [45.702804, -302.680285, 151.603000, 180.000000, 0.000000, 0.000000]
  0050: [43.181016, -302.622862, 151.603000, 180.000000, 0.000000, 0.000000]
  0051: [40.661329, -302.553816, 151.603000, 180.000000, 0.000000, 0.000000]
  0052: [38.143271, -302.475757, 151.603000, 180.000000, 0.000000, 0.000000]
  0053: [35.625212, -302.397698, 151.603000, 180.000000, 0.000000, 0.000000]
  0054: [33.107154, -302.319639, 151.603000, 180.000000, 0.000000, 0.000000]
  0055: [30.589096, -302.241580, 151.603000, 180.000000, 0.000000, 0.000000]
  0056: [28.071038, -302.163521, 151.603000, 180.000000, 0.000000, 0.000000]
  0057: [25.552980, -302.085462, 151.603000, 180.000000, 0.000000, 0.000000]
  0058: [23.034922, -302.007402, 151.603000, 180.000000, 0.000000, 0.000000]
  0059: [20.516863, -301.929343, 151.603000, 180.000000, 0.000000, 0.000000]
  0060: [17.998805, -301.851284, 151.603000, 180.000000, 0.000000, 0.000000]
  0061: [15.480747, -301.773225, 151.603000, 180.000000, 0.000000, 0.000000]
  0062: [12.962689, -301.695166, 151.603000, 180.000000, 0.000000, 0.000000]
  0063: [10.444631, -301.617107, 151.603000, 180.000000, 0.000000, 0.000000]
  0064: [7.926573, -301.539048, 151.603000, 180.000000, 0.000000, 0.000000]
  0065: [5.408514, -301.460989, 151.603000, 180.000000, 0.000000, 0.000000]
  0066: [2.890456, -301.382930, 151.603000, 180.000000, 0.000000, 0.000000]
  0067: [0.372398, -301.304870, 151.603000, 180.000000, 0.000000, 0.000000]
  0068: [-2.145660, -301.226811, 151.603000, 180.000000, 0.000000, 0.000000]
  0069: [-4.663718, -301.148752, 151.603000, 180.000000, 0.000000, 0.000000]
  0070: [-7.181776, -301.070693, 151.603000, 180.000000, 0.000000, 0.000000]
  0071: [-9.699835, -300.992634, 151.603000, 180.000000, 0.000000, 0.000000]
  0072: [-12.217893, -300.914575, 151.603000, 180.000000, 0.000000, 0.000000]
  0073: [-14.735951, -300.836516, 151.603000, 180.000000, 0.000000, 0.000000]
  0074: [-17.254009, -300.758457, 151.603000, 180.000000, 0.000000, 0.000000]
  0075: [-19.772067, -300.680398, 151.603000, 180.000000, 0.000000, 0.000000]
  0076: [-22.290125, -300.602338, 151.603000, 180.000000, 0.000000, 0.000000]
  0077: [-24.808184, -300.524279, 151.603000, 180.000000, 0.000000, 0.000000]
  0078: [-27.326245, -300.446099, 151.603000, 180.000000, 0.000000, 6.609081]
  0079: [-29.844770, -300.352689, 151.603000, 180.000000, 0.000000, 12.612563]
  0080: [-32.363588, -300.249651, 151.603000, 180.000000, 0.000000, 20.169415]
  0081: [-34.881997, -300.160057, 151.603000, 180.000000, 0.000000, 28.678660]
  0082: [-37.399295, -300.106983, 151.603000, 180.000000, 0.000000, 36.610880]
  0083: [-39.920480, -300.156112, 151.603000, 180.000000, 0.000000, 41.915671]
  0084: [-42.411182, -300.466666, 151.603000, 180.000000, 0.000000, 45.449700]
  0085: [-44.807687, -301.257888, 151.603000, 180.000000, 0.000000, 47.035082]
  0086: [-47.043146, -302.432430, 151.603000, 180.000000, 0.000000, 46.017436]
  0087: [-49.056249, -303.957369, 151.603000, 180.000000, 0.000000, 42.603080]
  0088: [-50.789537, -305.787535, 151.603000, 180.000000, 0.000000, 37.750850]
  0089: [-52.197855, -307.875424, 151.603000, 180.000000, 0.000000, 30.898215]
  0090: [-53.245760, -310.165143, 151.603000, 180.000000, 0.000000, 22.546711]
  0091: [-53.890511, -312.595762, 151.603000, 180.000000, 0.000000, 14.661484]
  0092: [-54.179627, -315.103372, 151.603000, 180.000000, 0.000000, 8.300614]
  0093: [-54.315165, -317.614109, 151.603000, 180.000000, 0.000000, 0.000000]
  0094: [-54.410980, -320.131462, 151.603000, 180.000000, 0.000000, 0.000000]
  0095: [-54.486463, -322.652202, 151.603000, 180.000000, 0.000000, 0.000000]
  0096: [-54.561006, -325.173099, 151.603000, 180.000000, 0.000000, 0.000000]
  0097: [-54.651388, -327.691357, 151.603000, 180.000000, 0.000000, 0.000000]
  0098: [-54.746491, -330.208830, 151.603000, 180.000000, 0.000000, 0.000000]
  0099: [-54.841594, -332.726302, 151.603000, 180.000000, 0.000000, 0.000000]
  0100: [-54.936697, -335.243774, 151.603000, 180.000000, 0.000000, 0.000000]
  0101: [-55.031800, -337.761246, 151.603000, 180.000000, 0.000000, 0.000000]
  0102: [-55.126903, -340.278718, 151.603000, 180.000000, 0.000000, 0.000000]
  0103: [-55.222006, -342.796190, 151.603000, 180.000000, 0.000000, 0.000000]
  0104: [-55.317109, -345.313662, 151.603000, 180.000000, 0.000000, 0.000000]
  0105: [-55.412213, -347.831134, 151.603000, 180.000000, 0.000000, 0.000000]
  0106: [-55.507316, -350.348606, 151.603000, 180.000000, 0.000000, 0.000000]
  0107: [-55.602419, -352.866078, 151.603000, 180.000000, 0.000000, 0.000000]
  0108: [-55.697522, -355.383550, 151.603000, 180.000000, 0.000000, 0.000000]
  0109: [-55.792625, -357.901022, 151.603000, 180.000000, 0.000000, 0.000000]
  0110: [-55.887728, -360.418494, 151.603000, 180.000000, 0.000000, 0.000000]
  0111: [-55.982831, -362.935966, 151.603000, 180.000000, 0.000000, 0.000000]
  0112: [-56.077934, -365.453438, 151.603000, 180.000000, 0.000000, 0.000000]
  0113: [-56.173037, -367.970910, 151.603000, 180.000000, 0.000000, 0.000000]
  0114: [-56.268140, -370.488382, 151.603000, 180.000000, 0.000000, 0.000000]
  0115: [-56.363243, -373.005854, 151.603000, 180.000000, 0.000000, 0.000000]
  0116: [-56.468683, -375.523489, 151.603000, 180.000000, 0.000000, 10.131132]
  0117: [-56.593415, -378.041428, 151.603000, 180.000000, 0.000000, 17.166613]
  0118: [-56.712146, -380.559273, 151.603000, 180.000000, 0.000000, 25.611748]
  0119: [-56.798543, -383.076608, 151.603000, 180.000000, 0.000000, 34.266416]
  0120: [-56.824280, -385.593483, 151.603000, 180.000000, 0.000000, 40.723659]
  0121: [-56.664160, -388.108933, 151.603000, 180.000000, 0.000000, 45.181194]
  0122: [-56.065020, -390.558718, 151.603000, 180.000000, 0.000000, 47.781916]
  0123: [-55.057848, -392.868312, 151.603000, 180.000000, 0.000000, 47.756003]
  0124: [-53.671207, -394.970504, 151.603000, 180.000000, 0.000000, 44.896682]
  0125: [-51.947002, -396.805480, 151.603000, 180.000000, 0.000000, 40.301915]
  0126: [-49.936960, -398.322580, 151.603000, 180.000000, 0.000000, 33.879064]
  0127: [-47.699860, -399.481779, 151.603000, 180.000000, 0.000000, 25.481532]
  0128: [-45.299382, -400.256659, 151.603000, 180.000000, 0.000000, 16.984212]
  0129: [-42.803620, -400.616824, 151.603000, 180.000000, 0.000000, 10.001803]
  0130: [-40.294367, -400.753112, 151.603000, 180.000000, 0.000000, 0.000000]
  0131: [-37.777390, -400.842192, 151.603000, 180.000000, 0.000000, 0.000000]
  0132: [-35.256033, -400.908240, 151.603000, 180.000000, 0.000000, 0.000000]
  0133: [-32.734302, -400.972327, 151.603000, 180.000000, 0.000000, 0.000000]
  0134: [-30.215609, -401.052385, 151.603000, 180.000000, 0.000000, 0.000000]
  0135: [-27.697759, -401.136872, 151.603000, 180.000000, 0.000000, 0.000000]
  0136: [-25.179908, -401.221359, 151.603000, 180.000000, 0.000000, 0.000000]
  0137: [-22.662057, -401.305846, 151.603000, 180.000000, 0.000000, 0.000000]
  0138: [-20.144206, -401.390333, 151.603000, 180.000000, 0.000000, 0.000000]
  0139: [-17.626356, -401.474819, 151.603000, 180.000000, 0.000000, 0.000000]
  0140: [-15.108505, -401.559306, 151.603000, 180.000000, 0.000000, 0.000000]
  0141: [-12.590654, -401.643793, 151.603000, 180.000000, 0.000000, 0.000000]
  0142: [-10.072804, -401.728280, 151.603000, 180.000000, 0.000000, 0.000000]
  0143: [-7.554953, -401.812766, 151.603000, 180.000000, 0.000000, 0.000000]
  0144: [-5.037102, -401.897253, 151.603000, 180.000000, 0.000000, 0.000000]
  0145: [-2.519252, -401.981740, 151.603000, 180.000000, 0.000000, 0.000000]
  0146: [-0.001401, -402.066227, 151.603000, 180.000000, 0.000000, 0.000000]
  0147: [2.516450, -402.150714, 151.603000, 180.000000, 0.000000, 0.000000]
  0148: [5.034301, -402.235200, 151.603000, 180.000000, 0.000000, 0.000000]
  0149: [7.552151, -402.319687, 151.603000, 180.000000, 0.000000, 0.000000]
  0150: [10.070002, -402.404174, 151.603000, 180.000000, 0.000000, 0.000000]
  0151: [12.587853, -402.488661, 151.603000, 180.000000, 0.000000, 0.000000]
  0152: [15.105703, -402.573148, 151.603000, 180.000000, 0.000000, 0.000000]
  0153: [17.623554, -402.657634, 151.603000, 180.000000, 0.000000, 0.000000]
  0154: [20.141405, -402.742121, 151.603000, 180.000000, 0.000000, 0.000000]
  0155: [22.659255, -402.826608, 151.603000, 180.000000, 0.000000, 0.000000]
  0156: [25.177106, -402.911095, 151.603000, 180.000000, 0.000000, 0.000000]
  0157: [27.694957, -402.995582, 151.603000, 180.000000, 0.000000, 0.000000]
  0158: [30.212807, -403.080068, 151.603000, 180.000000, 0.000000, 0.000000]
  0159: [32.730658, -403.164555, 151.603000, 180.000000, 0.000000, 0.000000]
  0160: [35.248509, -403.249042, 151.603000, 180.000000, 0.000000, 0.000000]
  0161: [37.766250, -403.343962, 151.603000, 180.000000, 0.000000, 0.000000]
  0162: [40.283820, -403.455213, 151.603000, 180.000000, 0.000000, 0.000000]
  0163: [42.801481, -403.557665, 151.603000, 180.000000, 0.000000, 0.000000]
  0164: [45.319507, -403.625544, 151.603000, 180.000000, 0.000000, 0.000000]
  0165: [47.838296, -403.634210, 151.603000, 180.000000, 0.000000, 0.000000]

[SAMPLED]
path 1 count=43
  0000: [47.838296, -403.634210, 151.603000, 180.000000, 0.000000, 0.000000]
  0001: [57.009427, -400.086716, 151.603000, 180.000000, 0.000000, 0.000000]
  0002: [62.193933, -391.726408, 151.603000, 180.000000, 0.000000, 13.128233]
  0003: [63.006021, -381.767494, 151.603000, 180.000000, 0.000000, 13.120715]
  0004: [63.556662, -371.782748, 151.603000, 180.000000, 0.000000, 5.711005]
  0005: [64.116937, -361.798457, 151.603000, 180.000000, 0.000000, 0.000000]
  0006: [64.683762, -351.814535, 151.603000, 180.000000, 0.000000, 0.000000]
  0007: [65.250587, -341.830612, 151.603000, 180.000000, 0.000000, 0.000000]
  0008: [65.817413, -331.846690, 151.603000, 180.000000, 0.000000, 9.008828]
  0009: [66.473001, -321.868503, 151.603000, 180.000000, 0.000000, 16.371515]
  0010: [65.371062, -312.028759, 151.603000, 180.000000, 0.000000, 18.338626]
  0011: [58.846240, -304.729791, 151.603000, 180.000000, 0.000000, 18.396694]
  0012: [49.164928, -302.779132, 151.603000, 180.000000, 0.000000, 16.366913]
  0013: [39.168694, -302.507545, 151.603000, 180.000000, 0.000000, 9.285937]
  0014: [29.173495, -302.197697, 151.603000, 180.000000, 0.000000, 0.000000]
  0015: [19.178297, -301.887848, 151.603000, 180.000000, 0.000000, 0.000000]
  0016: [9.183098, -301.578000, 151.603000, 180.000000, 0.000000, 0.000000]
  0017: [-0.812101, -301.268151, 151.603000, 180.000000, 0.000000, 0.000000]
  0018: [-10.807299, -300.958303, 151.603000, 180.000000, 0.000000, 0.000000]
  0019: [-20.802498, -300.648454, 151.603000, 180.000000, 0.000000, 5.521013]
  0020: [-30.796832, -300.313743, 151.603000, 180.000000, 0.000000, 13.057112]
  0021: [-40.786187, -300.264053, 151.603000, 180.000000, 0.000000, 17.744063]
  0022: [-49.598079, -304.529483, 151.603000, 180.000000, 0.000000, 17.974089]
  0023: [-53.972524, -313.307088, 151.603000, 180.000000, 0.000000, 17.624311]
  0024: [-54.505272, -323.288302, 151.603000, 180.000000, 0.000000, 12.401415]
  0025: [-54.862582, -333.281869, 151.603000, 180.000000, 0.000000, 0.000000]
  0026: [-55.240085, -343.274741, 151.603000, 180.000000, 0.000000, 0.000000]
  0027: [-55.617587, -353.267613, 151.603000, 180.000000, 0.000000, 0.000000]
  0028: [-55.995090, -363.260485, 151.603000, 180.000000, 0.000000, 0.000000]
  0029: [-56.373607, -373.253317, 151.603000, 180.000000, 0.000000, 10.075419]
  0030: [-56.800254, -383.243950, 151.603000, 180.000000, 0.000000, 16.867004]
  0031: [-55.009300, -392.941912, 151.603000, 180.000000, 0.000000, 18.099222]
  0032: [-47.686536, -399.486080, 151.603000, 180.000000, 0.000000, 18.104694]
  0033: [-37.838917, -400.840014, 151.603000, 180.000000, 0.000000, 15.523008]
  0034: [-27.843242, -401.131990, 151.603000, 180.000000, 0.000000, 7.972901]
  0035: [-17.848867, -401.467353, 151.603000, 180.000000, 0.000000, 0.000000]
  0036: [-7.854492, -401.802715, 151.603000, 180.000000, 0.000000, 0.000000]
  0037: [2.139883, -402.138078, 151.603000, 180.000000, 0.000000, 0.000000]
  0038: [12.134258, -402.473440, 151.603000, 180.000000, 0.000000, 0.000000]
  0039: [22.128633, -402.808803, 151.603000, 180.000000, 0.000000, 0.000000]
  0040: [32.123008, -403.144165, 151.603000, 180.000000, 0.000000, 0.000000]
  0041: [42.115488, -403.529750, 151.603000, 180.000000, 0.000000, 0.000000]
  0042: [47.838296, -403.634210, 151.603000, 180.000000, 0.000000, 0.000000]

[EXECUTION]
path 1 count=57
  0000: [47.838296, -403.634210, 151.603000, 180.000000, 0.000000, 0.000000]
  0001: [54.833230, -400.928493, 151.603000, 180.000000, 0.000000, 0.000000]
  0002: [59.732374, -395.695811, 151.603000, 180.000000, 0.000000, 6.895061]
  0003: [62.423882, -388.906467, 151.603000, 180.000000, 0.000000, 13.126104]
  0004: [63.024596, -381.430675, 151.603000, 180.000000, 0.000000, 12.870760]
  0005: [63.437580, -373.942054, 151.603000, 180.000000, 0.000000, 7.313432]
  0006: [63.855704, -366.453719, 151.603000, 180.000000, 0.000000, 2.662805]
  0007: [64.277769, -358.965604, 151.603000, 180.000000, 0.000000, 0.000000]
  0008: [64.702888, -351.477662, 151.603000, 180.000000, 0.000000, 0.000000]
  0009: [65.128007, -343.989721, 151.603000, 180.000000, 0.000000, 0.000000]
  0010: [65.553125, -336.501779, 151.603000, 180.000000, 0.000000, 4.808385]
  0011: [66.003436, -329.015379, 151.603000, 180.000000, 0.000000, 11.097990]
  0012: [66.435416, -321.532887, 151.603000, 180.000000, 0.000000, 16.438610]
  0013: [65.600720, -314.079479, 151.603000, 180.000000, 0.000000, 17.928657]
  0014: [61.747858, -307.975675, 151.603000, 180.000000, 0.000000, 18.370871]
  0015: [55.761974, -304.108351, 151.603000, 180.000000, 0.000000, 17.750048]
  0016: [48.394837, -302.758209, 151.603000, 180.000000, 0.000000, 15.821408]
  0017: [40.897603, -302.554518, 151.603000, 180.000000, 0.000000, 10.510635]
  0018: [33.401012, -302.328748, 151.603000, 180.000000, 0.000000, 3.927531]
  0019: [25.904613, -302.096362, 151.603000, 180.000000, 0.000000, 0.000000]
  0020: [18.408214, -301.863976, 151.603000, 180.000000, 0.000000, 0.000000]
  0021: [10.911815, -301.631589, 151.603000, 180.000000, 0.000000, 0.000000]
  0022: [3.415416, -301.399203, 151.603000, 180.000000, 0.000000, 0.000000]
  0023: [-4.080983, -301.166817, 151.603000, 180.000000, 0.000000, 0.000000]
  0024: [-11.577382, -300.934431, 151.603000, 180.000000, 0.000000, 0.425368]
  0025: [-19.073781, -300.702044, 151.603000, 180.000000, 0.000000, 4.566128]
  0026: [-26.569717, -300.455310, 151.603000, 180.000000, 0.000000, 9.869710]
  0027: [-34.067307, -300.297475, 151.603000, 180.000000, 0.000000, 14.591601]
  0028: [-41.489194, -300.604346, 151.603000, 180.000000, 0.000000, 17.762414]
  0029: [-48.239904, -303.872053, 151.603000, 180.000000, 0.000000, 17.938635]
  0030: [-52.270351, -309.891568, 151.603000, 180.000000, 0.000000, 17.760416]
  0031: [-54.168869, -316.985679, 151.603000, 180.000000, 0.000000, 15.699405]
  0032: [-54.547735, -324.475949, 151.603000, 180.000000, 0.000000, 10.927616]
  0033: [-54.815719, -331.971160, 151.603000, 180.000000, 0.000000, 1.626511]
  0034: [-55.096198, -339.465911, 151.603000, 180.000000, 0.000000, 0.000000]
  0035: [-55.379325, -346.960565, 151.603000, 180.000000, 0.000000, 0.000000]
  0036: [-55.662452, -354.455219, 151.603000, 180.000000, 0.000000, 0.000000]
  0037: [-55.945579, -361.949873, 151.603000, 180.000000, 0.000000, 0.000000]
  0038: [-56.229333, -369.444504, 151.603000, 180.000000, 0.000000, 6.235127]
  0039: [-56.530978, -376.938413, 151.603000, 180.000000, 0.000000, 12.580530]
  0040: [-56.584380, -384.412900, 151.603000, 180.000000, 0.000000, 17.015530]
  0041: [-55.222361, -391.788191, 151.603000, 180.000000, 0.000000, 17.952631]
  0042: [-50.291840, -397.157786, 151.603000, 180.000000, 0.000000, 18.102747]
  0043: [-43.717945, -400.031716, 151.603000, 180.000000, 0.000000, 17.064274]
  0044: [-36.273919, -400.885728, 151.603000, 180.000000, 0.000000, 14.340906]
  0045: [-28.777116, -401.104712, 151.603000, 180.000000, 0.000000, 8.678291]
  0046: [-21.281208, -401.352180, 151.603000, 180.000000, 0.000000, 2.738112]
  0047: [-13.785427, -401.603702, 151.603000, 180.000000, 0.000000, 0.000000]
  0048: [-6.289645, -401.855224, 151.603000, 180.000000, 0.000000, 0.000000]
  0049: [1.206136, -402.106746, 151.603000, 180.000000, 0.000000, 0.000000]
  0050: [8.701917, -402.358268, 151.603000, 180.000000, 0.000000, 0.000000]
  0051: [16.197698, -402.609790, 151.603000, 180.000000, 0.000000, 0.000000]
  0052: [23.693480, -402.861312, 151.603000, 180.000000, 0.000000, 0.000000]
  0053: [31.189261, -403.112833, 151.603000, 180.000000, 0.000000, 0.000000]
  0054: [38.683853, -403.397332, 151.603000, 180.000000, 0.000000, 0.000000]
  0055: [46.180622, -403.603952, 151.603000, 180.000000, 0.000000, 0.000000]
  0056: [47.838296, -403.634210, 151.603000, 180.000000, 0.000000, 0.000000]
