# Trajectory point dump
# timestamp=20260512_111507

[RAW]
path 1 count=101
  0000: [2.294918, -397.498952, 151.603000, 180.000000, 0.000000, 0.000000]
  0001: [3.308837, -397.450234, 151.603000, 180.000000, 0.000000, 0.000000]
  0002: [4.322033, -397.338588, 151.603000, 180.000000, 0.000000, 48.648909]
  0003: [5.329862, -397.164693, 151.603000, 180.000000, 0.000000, 49.597541]
  0004: [6.327741, -396.929415, 151.603000, 180.000000, 0.000000, 49.900473]
  0005: [7.311099, -396.633983, 151.603000, 180.000000, 0.000000, 50.263543]
  0006: [8.275472, -396.279805, 151.603000, 180.000000, 0.000000, 50.676264]
  0007: [9.216480, -395.868550, 151.603000, 180.000000, 0.000000, 54.892477]
  0008: [10.129806, -395.402053, 151.603000, 180.000000, 0.000000, 54.854219]
  0009: [11.011385, -394.882497, 151.603000, 180.000000, 0.000000, 54.796260]
  0010: [11.857205, -394.312103, 151.603000, 180.000000, 0.000000, 51.310676]
  0011: [12.663540, -393.693463, 151.603000, 180.000000, 0.000000, 47.800703]
  0012: [13.426772, -393.029176, 151.603000, 180.000000, 0.000000, 44.259097]
  0013: [14.143552, -392.322179, 151.603000, 180.000000, 0.000000, 40.683222]
  0014: [14.810746, -391.575417, 151.603000, 180.000000, 0.000000, 37.067578]
  0015: [15.425487, -390.792144, 151.603000, 180.000000, 0.000000, 33.411075]
  0016: [15.985123, -389.975594, 151.603000, 180.000000, 0.000000, 29.711488]
  0017: [16.487293, -389.129253, 151.603000, 180.000000, 0.000000, 25.968663]
  0018: [16.929893, -388.256681, 151.603000, 180.000000, 0.000000, 22.182642]
  0019: [17.311056, -387.361544, 151.603000, 180.000000, 0.000000, 18.355776]
  0020: [17.629270, -386.447554, 151.603000, 180.000000, 0.000000, 14.489699]
  0021: [17.883249, -385.518597, 151.603000, 180.000000, 0.000000, 10.587886]
  0022: [18.071984, -384.578517, 151.603000, 180.000000, 0.000000, 6.824287]
  0023: [18.194786, -383.631276, 151.603000, 180.000000, 0.000000, 0.000000]
  0024: [24.747602, -295.390560, 151.603000, 180.000000, 0.000000, 0.000000]
  0025: [24.784015, -294.404434, 151.603000, 180.000000, 0.000000, 57.030462]
  0026: [24.753924, -293.418981, 151.603000, 180.000000, 0.000000, 57.425898]
  0027: [24.657381, -292.438391, 151.603000, 180.000000, 0.000000, 57.654308]
  0028: [24.494819, -291.466952, 151.603000, 180.000000, 0.000000, 57.513447]
  0029: [24.266850, -290.508799, 151.603000, 180.000000, 0.000000, 57.349877]
  0030: [23.974384, -289.568074, 151.603000, 180.000000, 0.000000, 57.166643]
  0031: [23.618656, -288.648869, 151.603000, 180.000000, 0.000000, 56.966154]
  0032: [23.201161, -287.755114, 151.603000, 180.000000, 0.000000, 53.084709]
  0033: [22.723600, -286.890722, 151.603000, 180.000000, 0.000000, 52.445607]
  0034: [22.188013, -286.059351, 151.603000, 180.000000, 0.000000, 51.346329]
  0035: [21.596612, -285.264685, 151.603000, 180.000000, 0.000000, 50.245664]
  0036: [20.951962, -284.510095, 151.603000, 180.000000, 0.000000, 46.395130]
  0037: [20.256746, -283.798885, 151.603000, 180.000000, 0.000000, 42.556849]
  0038: [19.513915, -283.134077, 151.603000, 180.000000, 0.000000, 38.733575]
  0039: [18.726648, -282.518596, 151.603000, 180.000000, 0.000000, 34.925942]
  0040: [17.898314, -281.955100, 151.603000, 180.000000, 0.000000, 31.135196]
  0041: [17.032432, -281.445984, 151.603000, 180.000000, 0.000000, 27.362428]
  0042: [16.132710, -280.993514, 151.603000, 180.000000, 0.000000, 23.607959]
  0043: [15.203028, -280.599584, 151.603000, 180.000000, 0.000000, 19.871833]
  0044: [14.247329, -280.265919, 151.603000, 180.000000, 0.000000, 16.153964]
  0045: [13.269723, -279.993961, 151.603000, 180.000000, 0.000000, 12.454083]
  0046: [12.274464, -279.784860, 151.603000, 180.000000, 0.000000, 8.770585]
  0047: [11.265785, -279.639536, 151.603000, 180.000000, 0.000000, 5.532301]
  0048: [10.248033, -279.558613, 151.603000, 180.000000, 0.000000, 0.000000]
  0049: [-62.603131, -275.671377, 151.603000, 180.000000, 0.000000, 0.000000]
  0050: [-63.622893, -275.641270, 151.603000, 180.000000, 0.000000, 50.493464]
  0051: [-64.642080, -275.675821, 151.603000, 180.000000, 0.000000, 51.558625]
  0052: [-65.656317, -275.774902, 151.603000, 180.000000, 0.000000, 52.207697]
  0053: [-66.661203, -275.938001, 151.603000, 180.000000, 0.000000, 52.412613]
  0054: [-67.652411, -276.164471, 151.603000, 180.000000, 0.000000, 52.622427]
  0055: [-68.625674, -276.453281, 151.603000, 180.000000, 0.000000, 56.714757]
  0056: [-69.576752, -276.803188, 151.603000, 180.000000, 0.000000, 56.929794]
  0057: [-70.501552, -277.212644, 151.603000, 180.000000, 0.000000, 56.977583]
  0058: [-71.396114, -277.679903, 151.603000, 180.000000, 0.000000, 56.414270]
  0059: [-72.256524, -278.202899, 151.603000, 180.000000, 0.000000, 55.829660]
  0060: [-73.079126, -278.779398, 151.603000, 180.000000, 0.000000, 52.098601]
  0061: [-73.860333, -279.406878, 151.603000, 180.000000, 0.000000, 48.350506]
  0062: [-74.596808, -280.082601, 151.603000, 180.000000, 0.000000, 44.584790]
  0063: [-75.285375, -280.803650, 151.603000, 180.000000, 0.000000, 40.801179]
  0064: [-75.923093, -281.566940, 151.603000, 180.000000, 0.000000, 37.000237]
  0065: [-76.507184, -282.369156, 151.603000, 180.000000, 0.000000, 33.182041]
  0066: [-77.035173, -283.206833, 151.603000, 180.000000, 0.000000, 29.348116]
  0067: [-77.504778, -284.076354, 151.603000, 180.000000, 0.000000, 25.499393]
  0068: [-77.914052, -284.973995, 151.603000, 180.000000, 0.000000, 21.638132]
  0069: [-78.261198, -285.895867, 151.603000, 180.000000, 0.000000, 17.765970]
  0070: [-78.544798, -286.838051, 151.603000, 180.000000, 0.000000, 13.885425]
  0071: [-78.763646, -287.796475, 151.603000, 180.000000, 0.000000, 9.998287]
  0072: [-78.916837, -288.767023, 151.603000, 180.000000, 0.000000, 6.265865]
  0073: [-79.003735, -289.745582, 151.603000, 180.000000, 0.000000, 0.000000]
  0074: [-82.002683, -376.818667, 151.603000, 180.000000, 0.000000, 0.000000]
  0075: [-82.020314, -377.760248, 151.603000, 180.000000, 0.000000, 54.329493]
  0076: [-81.974411, -378.702953, 151.603000, 180.000000, 0.000000, 54.811671]
  0077: [-81.865224, -379.642785, 151.603000, 180.000000, 0.000000, 55.153319]
  0078: [-81.693254, -380.575733, 151.603000, 180.000000, 0.000000, 54.921719]
  0079: [-81.459307, -381.497862, 151.603000, 180.000000, 0.000000, 54.718588]
  0080: [-81.164387, -382.405196, 151.603000, 180.000000, 0.000000, 54.548004]
  0081: [-80.809814, -383.293833, 151.603000, 180.000000, 0.000000, 54.413620]
  0082: [-80.397083, -384.160044, 151.603000, 180.000000, 0.000000, 54.066132]
  0083: [-79.927996, -385.000088, 151.603000, 180.000000, 0.000000, 53.693935]
  0084: [-79.404596, -385.810367, 151.603000, 180.000000, 0.000000, 52.619890]
  0085: [-78.829108, -386.587459, 151.603000, 180.000000, 0.000000, 48.956340]
  0086: [-78.203996, -387.328027, 151.603000, 180.000000, 0.000000, 45.310900]
  0087: [-77.532000, -388.028911, 151.603000, 180.000000, 0.000000, 41.681853]
  0088: [-76.815992, -388.687164, 151.603000, 180.000000, 0.000000, 38.067196]
  0089: [-76.059108, -389.299953, 151.603000, 180.000000, 0.000000, 34.465175]
  0090: [-75.264576, -389.864687, 151.603000, 180.000000, 0.000000, 30.872831]
  0091: [-74.435828, -390.378977, 151.603000, 180.000000, 0.000000, 27.286906]
  0092: [-73.576416, -390.840635, 151.603000, 180.000000, 0.000000, 23.703590]
  0093: [-72.689992, -391.247667, 151.603000, 180.000000, 0.000000, 20.119394]
  0094: [-71.780267, -391.598295, 151.603000, 180.000000, 0.000000, 16.529581]
  0095: [-70.851028, -391.890986, 151.603000, 180.000000, 0.000000, 12.930161]
  0096: [-69.906011, -392.124384, 151.603000, 180.000000, 0.000000, 9.317495]
  0097: [-68.949041, -392.297375, 151.603000, 180.000000, 0.000000, 5.940050]
  0098: [-67.983864, -392.409058, 151.603000, 180.000000, 0.000000, 0.000000]
  0099: [1.284866, -397.484353, 151.603000, 180.000000, 0.000000, 0.000000]
  0100: [2.294918, -397.498952, 151.603000, 180.000000, 0.000000, 0.000000]

[PREPARED]
path 1 count=60
  0000: [2.294918, -397.498952, 151.603000, 180.000000, 0.000000, 0.000000]
  0001: [5.329862, -397.164693, 151.603000, 180.000000, 0.000000, 0.000000]
  0002: [8.275472, -396.279805, 151.603000, 180.000000, 0.000000, 41.398520]
  0003: [11.011385, -394.882497, 151.603000, 180.000000, 0.000000, 50.168829]
  0004: [13.426772, -393.029176, 151.603000, 180.000000, 0.000000, 39.562357]
  0005: [15.425487, -390.792144, 151.603000, 180.000000, 0.000000, 28.745962]
  0006: [16.929893, -388.256681, 151.603000, 180.000000, 0.000000, 17.157348]
  0007: [17.883249, -385.518597, 151.603000, 180.000000, 0.000000, 7.506546]
  0008: [19.013888, -372.601186, 151.603000, 180.000000, 0.000000, 5.287113]
  0009: [19.832990, -361.571097, 151.603000, 180.000000, 0.000000, 0.000000]
  0010: [20.652092, -350.541007, 151.603000, 180.000000, 0.000000, 0.000000]
  0011: [21.471194, -339.510918, 151.603000, 180.000000, 0.000000, 0.000000]
  0012: [22.290296, -328.480829, 151.603000, 180.000000, 0.000000, 0.000000]
  0013: [23.109398, -317.450739, 151.603000, 180.000000, 0.000000, 0.000000]
  0014: [23.928500, -306.420650, 151.603000, 180.000000, 0.000000, 0.000000]
  0015: [24.747602, -295.390560, 151.603000, 180.000000, 0.000000, 14.038194]
  0016: [24.657381, -292.438391, 151.603000, 180.000000, 0.000000, 53.050221]
  0017: [23.974384, -289.568074, 151.603000, 180.000000, 0.000000, 54.927457]
  0018: [22.723600, -286.890722, 151.603000, 180.000000, 0.000000, 52.197705]
  0019: [20.951962, -284.510095, 151.603000, 180.000000, 0.000000, 40.638397]
  0020: [18.726648, -282.518596, 151.603000, 180.000000, 0.000000, 34.644197]
  0021: [16.132710, -280.993514, 151.603000, 180.000000, 0.000000, 23.292019]
  0022: [13.269723, -279.993961, 151.603000, 180.000000, 0.000000, 13.234131]
  0023: [10.248033, -279.558613, 151.603000, 180.000000, 0.000000, 5.479737]
  0024: [-1.893828, -278.910740, 151.603000, 180.000000, 0.000000, 0.000000]
  0025: [-14.035689, -278.262868, 151.603000, 180.000000, 0.000000, 0.000000]
  0026: [-26.177549, -277.614995, 151.603000, 180.000000, 0.000000, 0.000000]
  0027: [-38.319410, -276.967123, 151.603000, 180.000000, 0.000000, 0.000000]
  0028: [-50.461271, -276.319250, 151.603000, 180.000000, 0.000000, 0.000000]
  0029: [-62.603131, -275.671377, 151.603000, 180.000000, 0.000000, 5.387175]
  0030: [-65.656317, -275.774902, 151.603000, 180.000000, 0.000000, 39.956451]
  0031: [-68.625674, -276.453281, 151.603000, 180.000000, 0.000000, 43.770609]
  0032: [-71.396114, -277.679903, 151.603000, 180.000000, 0.000000, 52.838014]
  0033: [-73.860333, -279.406878, 151.603000, 180.000000, 0.000000, 47.721194]
  0034: [-75.923093, -281.566940, 151.603000, 180.000000, 0.000000, 36.422127]
  0035: [-77.504778, -284.076354, 151.603000, 180.000000, 0.000000, 24.992396]
  0036: [-78.544798, -286.838051, 151.603000, 180.000000, 0.000000, 14.391621]
  0037: [-79.003735, -289.745582, 151.603000, 180.000000, 0.000000, 6.050132]
  0038: [-79.432156, -302.184594, 151.603000, 180.000000, 0.000000, 0.000000]
  0039: [-79.860577, -314.623606, 151.603000, 180.000000, 0.000000, 0.000000]
  0040: [-80.288998, -327.062618, 151.603000, 180.000000, 0.000000, 0.000000]
  0041: [-80.717419, -339.501630, 151.603000, 180.000000, 0.000000, 0.000000]
  0042: [-81.145840, -351.940642, 151.603000, 180.000000, 0.000000, 0.000000]
  0043: [-81.574261, -364.379655, 151.603000, 180.000000, 0.000000, 0.000000]
  0044: [-82.002683, -376.818667, 151.603000, 180.000000, 0.000000, 5.489808]
  0045: [-81.865224, -379.642785, 151.603000, 180.000000, 0.000000, 50.446676]
  0046: [-81.164387, -382.405196, 151.603000, 180.000000, 0.000000, 52.605042]
  0047: [-79.927996, -385.000088, 151.603000, 180.000000, 0.000000, 50.410101]
  0048: [-78.203996, -387.328027, 151.603000, 180.000000, 0.000000, 44.858292]
  0049: [-76.059108, -389.299953, 151.603000, 180.000000, 0.000000, 33.920743]
  0050: [-73.576416, -390.840635, 151.603000, 180.000000, 0.000000, 23.064503]
  0051: [-70.851028, -391.890986, 151.603000, 180.000000, 0.000000, 13.207117]
  0052: [-67.983864, -392.409058, 151.603000, 180.000000, 0.000000, 8.903554]
  0053: [-56.439076, -393.254940, 151.603000, 180.000000, 0.000000, 0.000000]
  0054: [-44.894287, -394.100823, 151.603000, 180.000000, 0.000000, 0.000000]
  0055: [-33.349499, -394.946705, 151.603000, 180.000000, 0.000000, 0.000000]
  0056: [-21.804710, -395.792588, 151.603000, 180.000000, 0.000000, 0.000000]
  0057: [-10.259922, -396.638470, 151.603000, 180.000000, 0.000000, 0.000000]
  0058: [1.284866, -397.484353, 151.603000, 180.000000, 0.000000, 0.000000]
  0059: [2.294918, -397.498952, 151.603000, 180.000000, 0.000000, 0.000000]

[CURVE]
path 1 count=165
  0000: [2.294918, -397.498952, 151.603000, 180.000000, 0.000000, 0.000000]
  0001: [4.806428, -397.247938, 151.603000, 180.000000, 0.000000, 0.000000]
  0002: [7.250027, -396.655668, 151.603000, 180.000000, 0.000000, 42.951001]
  0003: [9.577528, -395.696190, 151.603000, 180.000000, 0.000000, 44.971017]
  0004: [11.736760, -394.401085, 151.603000, 180.000000, 0.000000, 43.761608]
  0005: [13.676934, -392.792603, 151.603000, 180.000000, 0.000000, 40.581998]
  0006: [15.347278, -390.899133, 151.603000, 180.000000, 0.000000, 35.359460]
  0007: [16.688859, -388.761755, 151.603000, 180.000000, 0.000000, 26.813779]
  0008: [17.661068, -386.428271, 151.603000, 180.000000, 0.000000, 18.392959]
  0009: [18.106703, -383.989644, 151.603000, 180.000000, 0.000000, 11.107959]
  0010: [18.380608, -381.503571, 151.603000, 180.000000, 0.000000, 5.358414]
  0011: [18.582820, -378.984520, 151.603000, 180.000000, 0.000000, 0.000000]
  0012: [18.749067, -376.450442, 151.603000, 180.000000, 0.000000, 0.000000]
  0013: [18.915075, -373.919287, 151.603000, 180.000000, 0.000000, 0.000000]
  0014: [19.108335, -371.405121, 151.603000, 180.000000, 0.000000, 0.000000]
  0015: [19.298864, -368.893854, 151.603000, 180.000000, 0.000000, 0.000000]
  0016: [19.482728, -366.381998, 151.603000, 180.000000, 0.000000, 0.000000]
  0017: [19.664518, -363.869959, 151.603000, 180.000000, 0.000000, 0.000000]
  0018: [19.848804, -361.358140, 151.603000, 180.000000, 0.000000, 0.000000]
  0019: [20.035319, -358.846518, 151.603000, 180.000000, 0.000000, 0.000000]
  0020: [20.221834, -356.334897, 151.603000, 180.000000, 0.000000, 0.000000]
  0021: [20.408348, -353.823275, 151.603000, 180.000000, 0.000000, 0.000000]
  0022: [20.594863, -351.311653, 151.603000, 180.000000, 0.000000, 0.000000]
  0023: [20.781378, -348.800031, 151.603000, 180.000000, 0.000000, 0.000000]
  0024: [20.967893, -346.288409, 151.603000, 180.000000, 0.000000, 0.000000]
  0025: [21.154407, -343.776787, 151.603000, 180.000000, 0.000000, 0.000000]
  0026: [21.340922, -341.265166, 151.603000, 180.000000, 0.000000, 0.000000]
  0027: [21.527437, -338.753544, 151.603000, 180.000000, 0.000000, 0.000000]
  0028: [21.713952, -336.241922, 151.603000, 180.000000, 0.000000, 0.000000]
  0029: [21.900466, -333.730300, 151.603000, 180.000000, 0.000000, 0.000000]
  0030: [22.086981, -331.218678, 151.603000, 180.000000, 0.000000, 0.000000]
  0031: [22.273496, -328.707056, 151.603000, 180.000000, 0.000000, 0.000000]
  0032: [22.460011, -326.195435, 151.603000, 180.000000, 0.000000, 0.000000]
  0033: [22.646525, -323.683813, 151.603000, 180.000000, 0.000000, 0.000000]
  0034: [22.833040, -321.172191, 151.603000, 180.000000, 0.000000, 0.000000]
  0035: [23.019555, -318.660569, 151.603000, 180.000000, 0.000000, 0.000000]
  0036: [23.206070, -316.148947, 151.603000, 180.000000, 0.000000, 0.000000]
  0037: [23.392584, -313.637326, 151.603000, 180.000000, 0.000000, 0.000000]
  0038: [23.579099, -311.125704, 151.603000, 180.000000, 0.000000, 0.000000]
  0039: [23.765614, -308.614082, 151.603000, 180.000000, 0.000000, 0.000000]
  0040: [23.952791, -306.102472, 151.603000, 180.000000, 0.000000, 8.385588]
  0041: [24.178725, -303.591573, 151.603000, 180.000000, 0.000000, 15.049176]
  0042: [24.424224, -301.081033, 151.603000, 180.000000, 0.000000, 22.803118]
  0043: [24.631264, -298.569788, 151.603000, 180.000000, 0.000000, 31.179931]
  0044: [24.741819, -296.056773, 151.603000, 180.000000, 0.000000, 38.952452]
  0045: [24.709075, -293.534509, 151.603000, 180.000000, 0.000000, 43.814839]
  0046: [24.421463, -291.043307, 151.603000, 180.000000, 0.000000, 46.948453]
  0047: [23.627775, -288.650094, 151.603000, 180.000000, 0.000000, 47.971224]
  0048: [22.439041, -286.427415, 151.603000, 180.000000, 0.000000, 46.282709]
  0049: [20.886100, -284.438222, 151.603000, 180.000000, 0.000000, 42.134305]
  0050: [19.020210, -282.736442, 151.603000, 180.000000, 0.000000, 36.664540]
  0051: [16.901776, -281.369934, 151.603000, 180.000000, 0.000000, 29.124152]
  0052: [14.590132, -280.369226, 151.603000, 180.000000, 0.000000, 20.695969]
  0053: [12.147682, -279.789997, 151.603000, 180.000000, 0.000000, 13.179426]
  0054: [9.641024, -279.508404, 151.603000, 180.000000, 0.000000, 7.194216]
  0055: [7.132287, -279.336541, 151.603000, 180.000000, 0.000000, 0.000000]
  0056: [4.616764, -279.205753, 151.603000, 180.000000, 0.000000, 0.000000]
  0057: [2.097890, -279.095252, 151.603000, 180.000000, 0.000000, 0.000000]
  0058: [-0.420902, -278.984254, 151.603000, 180.000000, 0.000000, 0.000000]
  0059: [-2.936694, -278.855095, 151.603000, 180.000000, 0.000000, 0.000000]
  0060: [-5.451654, -278.720900, 151.603000, 180.000000, 0.000000, 0.000000]
  0061: [-7.966614, -278.586705, 151.603000, 180.000000, 0.000000, 0.000000]
  0062: [-10.481574, -278.452510, 151.603000, 180.000000, 0.000000, 0.000000]
  0063: [-12.996534, -278.318316, 151.603000, 180.000000, 0.000000, 0.000000]
  0064: [-15.511494, -278.184121, 151.603000, 180.000000, 0.000000, 0.000000]
  0065: [-18.026454, -278.049926, 151.603000, 180.000000, 0.000000, 0.000000]
  0066: [-20.541414, -277.915731, 151.603000, 180.000000, 0.000000, 0.000000]
  0067: [-23.056374, -277.781537, 151.603000, 180.000000, 0.000000, 0.000000]
  0068: [-25.571334, -277.647342, 151.603000, 180.000000, 0.000000, 0.000000]
  0069: [-28.086294, -277.513147, 151.603000, 180.000000, 0.000000, 0.000000]
  0070: [-30.601254, -277.378953, 151.603000, 180.000000, 0.000000, 0.000000]
  0071: [-33.116213, -277.244758, 151.603000, 180.000000, 0.000000, 0.000000]
  0072: [-35.631173, -277.110563, 151.603000, 180.000000, 0.000000, 0.000000]
  0073: [-38.146133, -276.976368, 151.603000, 180.000000, 0.000000, 0.000000]
  0074: [-40.661093, -276.842174, 151.603000, 180.000000, 0.000000, 0.000000]
  0075: [-43.176053, -276.707979, 151.603000, 180.000000, 0.000000, 0.000000]
  0076: [-45.691013, -276.573784, 151.603000, 180.000000, 0.000000, 0.000000]
  0077: [-48.205973, -276.439589, 151.603000, 180.000000, 0.000000, 0.000000]
  0078: [-50.720931, -276.305105, 151.603000, 180.000000, 0.000000, 5.104984]
  0079: [-53.235645, -276.145099, 151.603000, 180.000000, 0.000000, 10.261089]
  0080: [-55.750193, -275.967613, 151.603000, 180.000000, 0.000000, 16.797414]
  0081: [-58.264903, -275.807190, 151.603000, 180.000000, 0.000000, 24.419176]
  0082: [-60.780105, -275.698376, 151.603000, 180.000000, 0.000000, 32.672125]
  0083: [-63.297693, -275.677801, 151.603000, 180.000000, 0.000000, 38.656656]
  0084: [-65.811506, -275.786244, 151.603000, 180.000000, 0.000000, 43.157091]
  0085: [-68.274234, -276.345883, 151.603000, 180.000000, 0.000000, 46.293768]
  0086: [-70.617798, -277.270670, 151.603000, 180.000000, 0.000000, 47.363570]
  0087: [-72.780383, -278.558882, 151.603000, 180.000000, 0.000000, 45.457852]
  0088: [-74.701769, -280.184491, 151.603000, 180.000000, 0.000000, 41.864264]
  0089: [-76.325430, -282.108949, 151.603000, 180.000000, 0.000000, 36.201550]
  0090: [-77.602359, -284.282420, 151.603000, 180.000000, 0.000000, 28.147989]
  0091: [-78.498426, -286.643988, 151.603000, 180.000000, 0.000000, 19.289124]
  0092: [-78.947646, -289.121691, 151.603000, 180.000000, 0.000000, 11.786654]
  0093: [-79.110335, -291.626435, 151.603000, 180.000000, 0.000000, 5.961101]
  0094: [-79.211613, -294.140110, 151.603000, 180.000000, 0.000000, 0.000000]
  0095: [-79.283761, -296.660516, 151.603000, 180.000000, 0.000000, 0.000000]
  0096: [-79.345651, -299.183293, 151.603000, 180.000000, 0.000000, 0.000000]
  0097: [-79.416155, -301.704079, 151.603000, 180.000000, 0.000000, 0.000000]
  0098: [-79.502302, -304.221250, 151.603000, 180.000000, 0.000000, 0.000000]
  0099: [-79.588993, -306.738295, 151.603000, 180.000000, 0.000000, 0.000000]
  0100: [-79.675685, -309.255340, 151.603000, 180.000000, 0.000000, 0.000000]
  0101: [-79.762376, -311.772385, 151.603000, 180.000000, 0.000000, 0.000000]
  0102: [-79.849068, -314.289430, 151.603000, 180.000000, 0.000000, 0.000000]
  0103: [-79.935759, -316.806476, 151.603000, 180.000000, 0.000000, 0.000000]
  0104: [-80.022450, -319.323521, 151.603000, 180.000000, 0.000000, 0.000000]
  0105: [-80.109142, -321.840566, 151.603000, 180.000000, 0.000000, 0.000000]
  0106: [-80.195833, -324.357611, 151.603000, 180.000000, 0.000000, 0.000000]
  0107: [-80.282524, -326.874656, 151.603000, 180.000000, 0.000000, 0.000000]
  0108: [-80.369216, -329.391702, 151.603000, 180.000000, 0.000000, 0.000000]
  0109: [-80.455907, -331.908747, 151.603000, 180.000000, 0.000000, 0.000000]
  0110: [-80.542599, -334.425792, 151.603000, 180.000000, 0.000000, 0.000000]
  0111: [-80.629290, -336.942837, 151.603000, 180.000000, 0.000000, 0.000000]
  0112: [-80.715981, -339.459882, 151.603000, 180.000000, 0.000000, 0.000000]
  0113: [-80.802673, -341.976928, 151.603000, 180.000000, 0.000000, 0.000000]
  0114: [-80.889364, -344.493973, 151.603000, 180.000000, 0.000000, 0.000000]
  0115: [-80.976056, -347.011018, 151.603000, 180.000000, 0.000000, 0.000000]
  0116: [-81.062747, -349.528063, 151.603000, 180.000000, 0.000000, 0.000000]
  0117: [-81.149438, -352.045108, 151.603000, 180.000000, 0.000000, 0.000000]
  0118: [-81.236130, -354.562154, 151.603000, 180.000000, 0.000000, 0.000000]
  0119: [-81.322821, -357.079199, 151.603000, 180.000000, 0.000000, 0.000000]
  0120: [-81.409513, -359.596244, 151.603000, 180.000000, 0.000000, 0.000000]
  0121: [-81.496204, -362.113289, 151.603000, 180.000000, 0.000000, 0.000000]
  0122: [-81.583066, -364.630336, 151.603000, 180.000000, 0.000000, 0.000000]
  0123: [-81.686078, -367.147551, 151.603000, 180.000000, 0.000000, 10.070432]
  0124: [-81.800754, -369.664886, 151.603000, 180.000000, 0.000000, 17.048652]
  0125: [-81.905798, -372.182121, 151.603000, 180.000000, 0.000000, 25.431135]
  0126: [-81.979912, -374.699036, 151.603000, 180.000000, 0.000000, 34.150146]
  0127: [-81.999198, -377.216112, 151.603000, 180.000000, 0.000000, 40.313316]
  0128: [-81.857361, -379.729578, 151.603000, 180.000000, 0.000000, 44.521972]
  0129: [-81.240927, -382.176754, 151.603000, 180.000000, 0.000000, 46.811624]
  0130: [-80.223207, -384.482138, 151.603000, 180.000000, 0.000000, 46.389662]
  0131: [-78.833600, -386.582371, 151.603000, 180.000000, 0.000000, 43.221789]
  0132: [-77.116308, -388.423240, 151.603000, 180.000000, 0.000000, 38.657000]
  0133: [-75.121842, -389.959290, 151.603000, 180.000000, 0.000000, 32.291504]
  0134: [-72.904818, -391.152983, 151.603000, 180.000000, 0.000000, 24.138451]
  0135: [-70.523012, -391.969791, 151.603000, 180.000000, 0.000000, 16.162138]
  0136: [-68.037781, -392.402832, 151.603000, 180.000000, 0.000000, 9.512837]
  0137: [-65.538603, -392.650039, 151.603000, 180.000000, 0.000000, 0.000000]
  0138: [-63.027515, -392.837657, 151.603000, 180.000000, 0.000000, 0.000000]
  0139: [-60.510218, -392.994282, 151.603000, 180.000000, 0.000000, 0.000000]
  0140: [-57.992431, -393.148458, 151.603000, 180.000000, 0.000000, 0.000000]
  0141: [-55.479179, -393.325272, 151.603000, 180.000000, 0.000000, 0.000000]
  0142: [-52.967375, -393.509311, 151.603000, 180.000000, 0.000000, 0.000000]
  0143: [-50.455570, -393.693350, 151.603000, 180.000000, 0.000000, 0.000000]
  0144: [-47.943766, -393.877389, 151.603000, 180.000000, 0.000000, 0.000000]
  0145: [-45.431961, -394.061428, 151.603000, 180.000000, 0.000000, 0.000000]
  0146: [-42.920157, -394.245467, 151.603000, 180.000000, 0.000000, 0.000000]
  0147: [-40.408352, -394.429506, 151.603000, 180.000000, 0.000000, 0.000000]
  0148: [-37.896548, -394.613545, 151.603000, 180.000000, 0.000000, 0.000000]
  0149: [-35.384743, -394.797584, 151.603000, 180.000000, 0.000000, 0.000000]
  0150: [-32.872939, -394.981623, 151.603000, 180.000000, 0.000000, 0.000000]
  0151: [-30.361135, -395.165662, 151.603000, 180.000000, 0.000000, 0.000000]
  0152: [-27.849330, -395.349701, 151.603000, 180.000000, 0.000000, 0.000000]
  0153: [-25.337526, -395.533740, 151.603000, 180.000000, 0.000000, 0.000000]
  0154: [-22.825721, -395.717779, 151.603000, 180.000000, 0.000000, 0.000000]
  0155: [-20.313917, -395.901818, 151.603000, 180.000000, 0.000000, 0.000000]
  0156: [-17.802112, -396.085857, 151.603000, 180.000000, 0.000000, 0.000000]
  0157: [-15.290308, -396.269896, 151.603000, 180.000000, 0.000000, 0.000000]
  0158: [-12.778503, -396.453935, 151.603000, 180.000000, 0.000000, 0.000000]
  0159: [-10.266699, -396.637974, 151.603000, 180.000000, 0.000000, 0.000000]
  0160: [-7.755595, -396.844524, 151.603000, 180.000000, 0.000000, 0.000000]
  0161: [-5.245120, -397.071252, 151.603000, 180.000000, 0.000000, 0.000000]
  0162: [-2.734098, -397.280426, 151.603000, 180.000000, 0.000000, 0.000000]
  0163: [-0.221355, -397.434312, 151.603000, 180.000000, 0.000000, 0.000000]
  0164: [2.294918, -397.498952, 151.603000, 180.000000, 0.000000, 0.000000]

[SAMPLED]
path 1 count=43
  0000: [2.294918, -397.498952, 151.603000, 180.000000, 0.000000, 0.000000]
  0001: [11.673526, -394.439012, 151.603000, 180.000000, 0.000000, 0.000000]
  0002: [17.595562, -386.585500, 151.603000, 180.000000, 0.000000, 13.545000]
  0003: [18.734852, -376.667111, 151.603000, 180.000000, 0.000000, 13.536624]
  0004: [19.459924, -366.693536, 151.603000, 180.000000, 0.000000, 6.554306]
  0005: [20.193201, -356.720460, 151.603000, 180.000000, 0.000000, 0.000000]
  0006: [20.933769, -346.747920, 151.603000, 180.000000, 0.000000, 0.000000]
  0007: [21.674337, -336.775380, 151.603000, 180.000000, 0.000000, 0.000000]
  0008: [22.414904, -326.802839, 151.603000, 180.000000, 0.000000, 0.000000]
  0009: [23.155472, -316.830299, 151.603000, 180.000000, 0.000000, 0.000000]
  0010: [23.896501, -306.857793, 151.603000, 180.000000, 0.000000, 10.593582]
  0011: [24.705069, -296.892150, 151.603000, 180.000000, 0.000000, 17.108534]
  0012: [22.867448, -287.228444, 151.603000, 180.000000, 0.000000, 18.300673]
  0013: [15.505320, -280.765410, 151.603000, 180.000000, 0.000000, 18.316848]
  0014: [5.678747, -279.260968, 151.603000, 180.000000, 0.000000, 15.235805]
  0015: [-4.309685, -278.781834, 151.603000, 180.000000, 0.000000, 7.644958]
  0016: [-14.295479, -278.249006, 151.603000, 180.000000, 0.000000, 0.000000]
  0017: [-24.281274, -277.716178, 151.603000, 180.000000, 0.000000, 0.000000]
  0018: [-34.267069, -277.183350, 151.603000, 180.000000, 0.000000, 0.000000]
  0019: [-44.252863, -276.650522, 151.603000, 180.000000, 0.000000, 0.000000]
  0020: [-54.236072, -276.074485, 151.603000, 180.000000, 0.000000, 12.185482]
  0021: [-64.223895, -275.717756, 151.603000, 180.000000, 0.000000, 17.846412]
  0022: [-73.428356, -279.107107, 151.603000, 180.000000, 0.000000, 18.305929]
  0023: [-78.635327, -287.399073, 151.603000, 180.000000, 0.000000, 18.014589]
  0024: [-79.300981, -297.362428, 151.603000, 180.000000, 0.000000, 13.562448]
  0025: [-79.610322, -307.357561, 151.603000, 180.000000, 0.000000, 6.030866]
  0026: [-79.954535, -317.351635, 151.603000, 180.000000, 0.000000, 0.000000]
  0027: [-80.298748, -327.345709, 151.603000, 180.000000, 0.000000, 0.000000]
  0028: [-80.642962, -337.339784, 151.603000, 180.000000, 0.000000, 0.000000]
  0029: [-80.987175, -347.333858, 151.603000, 180.000000, 0.000000, 0.000000]
  0030: [-81.331388, -357.327932, 151.603000, 180.000000, 0.000000, 0.000000]
  0031: [-81.693993, -367.321309, 151.603000, 180.000000, 0.000000, 11.795047]
  0032: [-81.993597, -377.315365, 151.603000, 180.000000, 0.000000, 17.207169]
  0033: [-78.819980, -386.596970, 151.603000, 180.000000, 0.000000, 17.622084]
  0034: [-70.571145, -391.953284, 151.603000, 180.000000, 0.000000, 17.505312]
  0035: [-60.635164, -392.986508, 151.603000, 180.000000, 0.000000, 13.386517]
  0036: [-50.659255, -393.678426, 151.603000, 180.000000, 0.000000, 5.761359]
  0037: [-40.685989, -394.409163, 151.603000, 180.000000, 0.000000, 0.000000]
  0038: [-30.712724, -395.139901, 151.603000, 180.000000, 0.000000, 0.000000]
  0039: [-20.739458, -395.870638, 151.603000, 180.000000, 0.000000, 0.000000]
  0040: [-10.766193, -396.601376, 151.603000, 180.000000, 0.000000, 0.000000]
  0041: [-0.798554, -397.398963, 151.603000, 180.000000, 0.000000, 0.000000]
  0042: [2.294918, -397.498952, 151.603000, 180.000000, 0.000000, 0.000000]

[EXECUTION]
path 1 count=56
  0000: [2.294918, -397.498952, 151.603000, 180.000000, 0.000000, 0.000000]
  0001: [9.425011, -395.172631, 151.603000, 180.000000, 0.000000, 0.000000]
  0002: [14.765074, -390.339153, 151.603000, 180.000000, 0.000000, 7.071051]
  0003: [17.914946, -383.805014, 151.603000, 180.000000, 0.000000, 13.542652]
  0004: [18.757704, -376.352779, 151.603000, 180.000000, 0.000000, 13.316566]
  0005: [19.301513, -368.872520, 151.603000, 180.000000, 0.000000, 8.079773]
  0006: [19.849680, -361.392580, 151.603000, 180.000000, 0.000000, 3.070517]
  0007: [20.401691, -353.912923, 151.603000, 180.000000, 0.000000, 0.000000]
  0008: [20.957117, -346.433517, 151.603000, 180.000000, 0.000000, 0.000000]
  0009: [21.512542, -338.954112, 151.603000, 180.000000, 0.000000, 0.000000]
  0010: [22.067968, -331.474707, 151.603000, 180.000000, 0.000000, 0.000000]
  0011: [22.623394, -323.995302, 151.603000, 180.000000, 0.000000, 0.000000]
  0012: [23.178834, -316.515898, 151.603000, 180.000000, 0.000000, 0.333982]
  0013: [23.734606, -309.036518, 151.603000, 180.000000, 0.000000, 8.279168]
  0014: [24.326345, -301.559934, 151.603000, 180.000000, 0.000000, 14.057011]
  0015: [24.178849, -294.124861, 151.603000, 180.000000, 0.000000, 17.449914]
  0016: [22.506722, -286.911772, 151.603000, 180.000000, 0.000000, 18.301466]
  0017: [16.870437, -281.963813, 151.603000, 180.000000, 0.000000, 18.313849]
  0018: [9.887292, -279.905294, 151.603000, 180.000000, 0.000000, 16.555360]
  0019: [2.440053, -279.105611, 151.603000, 180.000000, 0.000000, 12.774515]
  0020: [-5.051131, -278.742271, 151.603000, 180.000000, 0.000000, 7.077320]
  0021: [-12.540477, -278.342650, 151.603000, 180.000000, 0.000000, 1.343601]
  0022: [-20.029823, -277.943029, 151.603000, 180.000000, 0.000000, 0.000000]
  0023: [-27.519169, -277.543408, 151.603000, 180.000000, 0.000000, 0.000000]
  0024: [-35.008515, -277.143787, 151.603000, 180.000000, 0.000000, 0.000000]
  0025: [-42.497861, -276.744166, 151.603000, 180.000000, 0.000000, 0.000000]
  0026: [-49.985829, -276.319727, 151.603000, 180.000000, 0.000000, 6.997644]
  0027: [-57.476693, -275.958742, 151.603000, 180.000000, 0.000000, 14.022211]
  0028: [-64.926285, -275.976396, 151.603000, 180.000000, 0.000000, 17.881478]
  0029: [-71.964296, -278.567997, 151.603000, 180.000000, 0.000000, 18.232838]
  0030: [-76.587140, -284.137389, 151.603000, 180.000000, 0.000000, 18.129189]
  0031: [-78.878545, -291.039509, 151.603000, 180.000000, 0.000000, 16.387854]
  0032: [-79.336957, -298.524857, 151.603000, 180.000000, 0.000000, 12.686529]
  0033: [-79.568965, -306.021267, 151.603000, 180.000000, 0.000000, 7.037797]
  0034: [-79.822463, -313.516975, 151.603000, 180.000000, 0.000000, 2.314003]
  0035: [-80.080623, -321.012531, 151.603000, 180.000000, 0.000000, 0.000000]
  0036: [-80.338783, -328.508086, 151.603000, 180.000000, 0.000000, 0.000000]
  0037: [-80.596943, -336.003642, 151.603000, 180.000000, 0.000000, 0.000000]
  0038: [-80.855102, -343.499198, 151.603000, 180.000000, 0.000000, 0.000000]
  0039: [-81.113262, -350.994753, 151.603000, 180.000000, 0.000000, 0.000000]
  0040: [-81.373562, -358.490233, 151.603000, 180.000000, 0.000000, 1.371848]
  0041: [-81.645517, -365.985301, 151.603000, 180.000000, 0.000000, 10.218175]
  0042: [-81.878669, -373.481654, 151.603000, 180.000000, 0.000000, 15.131084]
  0043: [-80.807980, -380.782837, 151.603000, 180.000000, 0.000000, 17.362175]
  0044: [-77.683224, -387.335114, 151.603000, 180.000000, 0.000000, 17.605992]
  0045: [-71.393006, -391.419615, 151.603000, 180.000000, 0.000000, 17.516946]
  0046: [-64.086042, -392.627658, 151.603000, 180.000000, 0.000000, 14.817021]
  0047: [-56.614310, -393.265390, 151.603000, 180.000000, 0.000000, 10.313148]
  0048: [-49.132708, -393.790275, 151.603000, 180.000000, 0.000000, 4.879504]
  0049: [-41.652759, -394.338329, 151.603000, 180.000000, 0.000000, 0.558484]
  0050: [-34.172810, -394.886382, 151.603000, 180.000000, 0.000000, 0.000000]
  0051: [-26.692861, -395.434435, 151.603000, 180.000000, 0.000000, 0.000000]
  0052: [-19.212912, -395.982488, 151.603000, 180.000000, 0.000000, 0.000000]
  0053: [-11.732963, -396.530541, 151.603000, 180.000000, 0.000000, 0.000000]
  0054: [-4.256362, -397.122277, 151.603000, 180.000000, 0.000000, 0.000000]
  0055: [2.294918, -397.498952, 151.603000, 180.000000, 0.000000, 0.000000]
