# Trajectory point dump
# timestamp=20260507_134017

[RAW]
path 1 count=101
  0000: [35.234433, -387.199763, 151.603000, 180.000000, 0.000000, 0.000000]
  0001: [36.204659, -387.154360, 151.603000, 180.000000, 0.000000, 0.000000]
  0002: [37.171833, -387.045657, 151.603000, 180.000000, 0.000000, 54.152281]
  0003: [38.131808, -386.874071, 151.603000, 180.000000, 0.000000, 54.828290]
  0004: [39.080524, -386.640322, 151.603000, 180.000000, 0.000000, 54.775335]
  0005: [40.013908, -386.345405, 151.603000, 180.000000, 0.000000, 54.743714]
  0006: [40.928016, -385.990561, 151.603000, 180.000000, 0.000000, 54.734246]
  0007: [41.818930, -385.577272, 151.603000, 180.000000, 0.000000, 54.435488]
  0008: [42.682878, -385.107268, 151.603000, 180.000000, 0.000000, 53.840787]
  0009: [43.516157, -384.582492, 151.603000, 180.000000, 0.000000, 53.244085]
  0010: [44.315230, -384.005220, 151.603000, 180.000000, 0.000000, 49.596924]
  0011: [45.076680, -383.377854, 151.603000, 180.000000, 0.000000, 45.955456]
  0012: [45.797282, -382.703007, 151.603000, 180.000000, 0.000000, 42.318256]
  0013: [46.473932, -381.983597, 151.603000, 180.000000, 0.000000, 38.683243]
  0014: [47.103758, -381.222603, 151.603000, 180.000000, 0.000000, 35.049177]
  0015: [47.684067, -380.423278, 151.603000, 180.000000, 0.000000, 31.414351]
  0016: [48.212379, -379.588997, 151.603000, 180.000000, 0.000000, 27.776899]
  0017: [48.686401, -378.723316, 151.603000, 180.000000, 0.000000, 24.135660]
  0018: [49.104125, -377.829882, 151.603000, 180.000000, 0.000000, 20.488564]
  0019: [49.463747, -376.912525, 151.603000, 180.000000, 0.000000, 16.834259]
  0020: [49.763713, -375.975102, 151.603000, 180.000000, 0.000000, 13.171168]
  0021: [50.002719, -375.021656, 151.603000, 180.000000, 0.000000, 9.498039]
  0022: [50.179706, -374.056225, 151.603000, 180.000000, 0.000000, 6.124701]
  0023: [50.293919, -373.082909, 151.603000, 180.000000, 0.000000, 0.000000]
  0024: [55.934153, -302.043060, 151.603000, 180.000000, 0.000000, 0.000000]
  0025: [55.976910, -301.025887, 151.603000, 180.000000, 0.000000, 51.573721]
  0026: [55.955378, -300.009584, 151.603000, 180.000000, 0.000000, 56.336008]
  0027: [55.869628, -298.998477, 151.603000, 180.000000, 0.000000, 56.910552]
  0028: [55.719992, -297.996950, 151.603000, 180.000000, 0.000000, 57.180448]
  0029: [55.507083, -297.009336, 151.603000, 180.000000, 0.000000, 57.435748]
  0030: [55.231765, -296.039885, 151.603000, 180.000000, 0.000000, 57.671499]
  0031: [54.895191, -295.092792, 151.603000, 180.000000, 0.000000, 57.883364]
  0032: [54.498768, -294.172123, 151.603000, 180.000000, 0.000000, 57.623513]
  0033: [54.044168, -293.281892, 151.603000, 180.000000, 0.000000, 56.860372]
  0034: [53.533314, -292.425901, 151.603000, 180.000000, 0.000000, 56.055300]
  0035: [52.968385, -291.607888, 151.603000, 180.000000, 0.000000, 52.254990]
  0036: [52.351749, -290.831410, 151.603000, 180.000000, 0.000000, 48.432908]
  0037: [51.686071, -290.099771, 151.603000, 180.000000, 0.000000, 44.590079]
  0038: [50.974163, -289.416162, 151.603000, 180.000000, 0.000000, 40.728112]
  0039: [50.219099, -288.783550, 151.603000, 180.000000, 0.000000, 36.849149]
  0040: [49.424086, -288.204649, 151.603000, 180.000000, 0.000000, 32.955087]
  0041: [48.592543, -287.682001, 151.603000, 180.000000, 0.000000, 29.048797]
  0042: [47.728043, -287.217831, 151.603000, 180.000000, 0.000000, 25.133224]
  0043: [46.834301, -286.814163, 151.603000, 180.000000, 0.000000, 21.211094]
  0044: [45.915177, -286.472722, 151.603000, 180.000000, 0.000000, 17.285735]
  0045: [44.974599, -286.195001, 151.603000, 180.000000, 0.000000, 13.360329]
  0046: [44.016641, -285.982210, 151.603000, 180.000000, 0.000000, 9.437719]
  0047: [43.045436, -285.835237, 151.603000, 180.000000, 0.000000, 5.964957]
  0048: [42.065155, -285.754750, 151.603000, 180.000000, 0.000000, 0.000000]
  0049: [-48.856542, -280.965111, 151.603000, 180.000000, 0.000000, 0.000000]
  0050: [-49.856342, -280.939094, 151.603000, 180.000000, 0.000000, 51.810192]
  0051: [-50.855691, -280.979958, 151.603000, 180.000000, 0.000000, 52.607866]
  0052: [-51.850237, -281.087476, 151.603000, 180.000000, 0.000000, 52.967438]
  0053: [-52.835733, -281.261237, 151.603000, 180.000000, 0.000000, 52.859701]
  0054: [-53.807903, -281.500463, 151.603000, 180.000000, 0.000000, 52.747377]
  0055: [-54.762573, -281.804099, 151.603000, 180.000000, 0.000000, 52.632325]
  0056: [-55.695605, -282.170844, 151.603000, 180.000000, 0.000000, 52.516408]
  0057: [-56.603043, -282.599124, 151.603000, 180.000000, 0.000000, 52.401309]
  0058: [-57.480907, -283.087055, 151.603000, 180.000000, 0.000000, 51.893481]
  0059: [-58.325463, -283.632571, 151.603000, 180.000000, 0.000000, 51.009772]
  0060: [-59.133049, -284.233269, 151.603000, 180.000000, 0.000000, 50.155929]
  0061: [-59.900240, -284.886559, 151.603000, 180.000000, 0.000000, 46.381902]
  0062: [-60.623698, -285.589655, 151.603000, 180.000000, 0.000000, 42.617421]
  0063: [-61.300355, -286.339476, 151.603000, 180.000000, 0.000000, 38.862265]
  0064: [-61.927288, -287.132789, 151.603000, 180.000000, 0.000000, 35.116501]
  0065: [-62.501830, -287.966206, 151.603000, 180.000000, 0.000000, 31.380165]
  0066: [-63.021531, -288.836092, 151.603000, 180.000000, 0.000000, 27.652627]
  0067: [-63.484163, -289.738750, 151.603000, 180.000000, 0.000000, 23.933556]
  0068: [-63.887758, -290.670236, 151.603000, 180.000000, 0.000000, 20.222544]
  0069: [-64.230610, -291.626575, 151.603000, 180.000000, 0.000000, 16.518483]
  0070: [-64.511272, -292.603651, 151.603000, 180.000000, 0.000000, 12.821102]
  0071: [-64.728554, -293.597253, 151.603000, 180.000000, 0.000000, 9.129218]
  0072: [-64.881561, -294.603124, 151.603000, 180.000000, 0.000000, 5.837217]
  0073: [-64.969663, -295.616912, 151.603000, 180.000000, 0.000000, 0.000000]
  0074: [-69.012537, -366.530322, 151.603000, 180.000000, 0.000000, 0.000000]
  0075: [-69.037783, -367.502347, 151.603000, 180.000000, 0.000000, 55.250314]
  0076: [-68.998565, -368.473710, 151.603000, 180.000000, 0.000000, 55.991965]
  0077: [-68.895023, -369.440348, 151.603000, 180.000000, 0.000000, 56.311600]
  0078: [-68.727713, -370.398071, 151.603000, 180.000000, 0.000000, 56.224813]
  0079: [-68.497367, -371.342869, 151.603000, 180.000000, 0.000000, 56.139076]
  0080: [-68.204980, -372.270699, 151.603000, 180.000000, 0.000000, 56.056583]
  0081: [-67.851920, -373.177632, 151.603000, 180.000000, 0.000000, 55.979119]
  0082: [-67.439658, -374.059800, 151.603000, 180.000000, 0.000000, 55.602522]
  0083: [-66.970070, -374.913479, 151.603000, 180.000000, 0.000000, 54.912287]
  0084: [-66.445159, -375.735035, 151.603000, 180.000000, 0.000000, 53.489080]
  0085: [-65.867169, -376.520948, 151.603000, 180.000000, 0.000000, 49.735092]
  0086: [-65.238659, -377.267972, 151.603000, 180.000000, 0.000000, 45.988305]
  0087: [-64.562279, -377.972852, 151.603000, 180.000000, 0.000000, 42.248120]
  0088: [-63.841003, -378.632668, 151.603000, 180.000000, 0.000000, 38.515109]
  0089: [-63.077853, -379.244583, 151.603000, 180.000000, 0.000000, 34.787636]
  0090: [-62.276146, -379.806003, 151.603000, 180.000000, 0.000000, 31.066158]
  0091: [-61.439320, -380.314540, 151.603000, 180.000000, 0.000000, 27.349288]
  0092: [-60.570901, -380.768050, 151.603000, 180.000000, 0.000000, 23.636724]
  0093: [-59.674607, -381.164626, 151.603000, 180.000000, 0.000000, 19.927722]
  0094: [-58.754237, -381.502542, 151.603000, 180.000000, 0.000000, 16.221757]
  0095: [-57.813756, -381.780372, 151.603000, 180.000000, 0.000000, 12.517442]
  0096: [-56.857114, -381.996963, 151.603000, 180.000000, 0.000000, 8.813948]
  0097: [-55.888395, -382.151313, 151.603000, 180.000000, 0.000000, 5.415787]
  0098: [-54.911660, -382.242784, 151.603000, 180.000000, 0.000000, 0.000000]
  0099: [34.265253, -387.181695, 151.603000, 180.000000, 0.000000, 0.000000]
  0100: [35.234433, -387.199763, 151.603000, 180.000000, 0.000000, 0.000000]

[PREPARED]
path 1 count=61
  0000: [35.234433, -387.199763, 151.603000, 180.000000, 0.000000, 0.000000]
  0001: [38.131808, -386.874071, 151.603000, 180.000000, 0.000000, 0.000000]
  0002: [40.928016, -385.990561, 151.603000, 180.000000, 0.000000, 51.179554]
  0003: [43.516157, -384.582492, 151.603000, 180.000000, 0.000000, 49.399333]
  0004: [45.797282, -382.703007, 151.603000, 180.000000, 0.000000, 38.422792]
  0005: [47.684067, -380.423278, 151.603000, 180.000000, 0.000000, 27.478553]
  0006: [49.104125, -377.829882, 151.603000, 180.000000, 0.000000, 16.209456]
  0007: [50.002719, -375.021656, 151.603000, 180.000000, 0.000000, 7.014575]
  0008: [51.233958, -361.242934, 151.603000, 180.000000, 0.000000, 0.000000]
  0009: [52.173997, -349.402959, 151.603000, 180.000000, 0.000000, 0.000000]
  0010: [53.114036, -337.562985, 151.603000, 180.000000, 0.000000, 0.000000]
  0011: [54.054075, -325.723010, 151.603000, 180.000000, 0.000000, 0.000000]
  0012: [54.994114, -313.883035, 151.603000, 180.000000, 0.000000, 0.000000]
  0013: [55.934153, -302.043060, 151.603000, 180.000000, 0.000000, 13.401318]
  0014: [55.869628, -298.998477, 151.603000, 180.000000, 0.000000, 40.792304]
  0015: [55.231765, -296.039885, 151.603000, 180.000000, 0.000000, 55.048714]
  0016: [54.044168, -293.281892, 151.603000, 180.000000, 0.000000, 53.072945]
  0017: [52.351749, -290.831410, 151.603000, 180.000000, 0.000000, 47.573006]
  0018: [50.219099, -288.783550, 151.603000, 180.000000, 0.000000, 36.082056]
  0019: [47.728043, -287.217831, 151.603000, 180.000000, 0.000000, 24.462334]
  0020: [44.974599, -286.195001, 151.603000, 180.000000, 0.000000, 13.991589]
  0021: [42.065155, -285.754750, 151.603000, 180.000000, 0.000000, 9.299713]
  0022: [30.699943, -285.156045, 151.603000, 180.000000, 0.000000, 0.000000]
  0023: [19.334731, -284.557341, 151.603000, 180.000000, 0.000000, 0.000000]
  0024: [7.969518, -283.958636, 151.603000, 180.000000, 0.000000, 0.000000]
  0025: [-3.395694, -283.359931, 151.603000, 180.000000, 0.000000, 0.000000]
  0026: [-14.760906, -282.761226, 151.603000, 180.000000, 0.000000, 0.000000]
  0027: [-26.126118, -282.162521, 151.603000, 180.000000, 0.000000, 0.000000]
  0028: [-37.491330, -281.563816, 151.603000, 180.000000, 0.000000, 0.000000]
  0029: [-48.856542, -280.965111, 151.603000, 180.000000, 0.000000, 13.587707]
  0030: [-51.850237, -281.087476, 151.603000, 180.000000, 0.000000, 40.773171]
  0031: [-54.762573, -281.804099, 151.603000, 180.000000, 0.000000, 44.058605]
  0032: [-57.480907, -283.087055, 151.603000, 180.000000, 0.000000, 43.887286]
  0033: [-59.900240, -284.886559, 151.603000, 180.000000, 0.000000, 40.286630]
  0034: [-61.927288, -287.132789, 151.603000, 180.000000, 0.000000, 34.514560]
  0035: [-63.484163, -289.738750, 151.603000, 180.000000, 0.000000, 23.297642]
  0036: [-64.511272, -292.603651, 151.603000, 180.000000, 0.000000, 13.278625]
  0037: [-64.969663, -295.616912, 151.603000, 180.000000, 0.000000, 8.810568]
  0038: [-65.643475, -307.435814, 151.603000, 180.000000, 0.000000, 0.000000]
  0039: [-66.317288, -319.254716, 151.603000, 180.000000, 0.000000, 0.000000]
  0040: [-66.991100, -331.073617, 151.603000, 180.000000, 0.000000, 0.000000]
  0041: [-67.664912, -342.892519, 151.603000, 180.000000, 0.000000, 0.000000]
  0042: [-68.338724, -354.711421, 151.603000, 180.000000, 0.000000, 0.000000]
  0043: [-69.012537, -366.530322, 151.603000, 180.000000, 0.000000, 13.580204]
  0044: [-68.895023, -369.440348, 151.603000, 180.000000, 0.000000, 51.768678]
  0045: [-68.204980, -372.270699, 151.603000, 180.000000, 0.000000, 53.950304]
  0046: [-66.970070, -374.913479, 151.603000, 180.000000, 0.000000, 51.644074]
  0047: [-65.238659, -377.267972, 151.603000, 180.000000, 0.000000, 45.987342]
  0048: [-63.077853, -379.244583, 151.603000, 180.000000, 0.000000, 34.759911]
  0049: [-60.570901, -380.768050, 151.603000, 180.000000, 0.000000, 23.579684]
  0050: [-57.813756, -381.780372, 151.603000, 180.000000, 0.000000, 13.479572]
  0051: [-54.911660, -382.242784, 151.603000, 180.000000, 0.000000, 9.021662]
  0052: [-43.764546, -382.860148, 151.603000, 180.000000, 0.000000, 0.000000]
  0053: [-32.617432, -383.477512, 151.603000, 180.000000, 0.000000, 0.000000]
  0054: [-21.470318, -384.094875, 151.603000, 180.000000, 0.000000, 0.000000]
  0055: [-10.323204, -384.712239, 151.603000, 180.000000, 0.000000, 0.000000]
  0056: [0.823910, -385.329603, 151.603000, 180.000000, 0.000000, 0.000000]
  0057: [11.971024, -385.946967, 151.603000, 180.000000, 0.000000, 0.000000]
  0058: [23.118138, -386.564331, 151.603000, 180.000000, 0.000000, 0.000000]
  0059: [34.265253, -387.181695, 151.603000, 180.000000, 0.000000, 0.000000]
  0060: [35.234433, -387.199763, 151.603000, 180.000000, 0.000000, 0.000000]

[CURVE]
path 1 count=167
  0000: [35.234433, -387.199763, 151.603000, 180.000000, 0.000000, 0.000000]
  0001: [37.741389, -386.938473, 151.603000, 180.000000, 0.000000, 0.000000]
  0002: [40.169019, -386.288368, 151.603000, 180.000000, 0.000000, 44.901284]
  0003: [42.454822, -385.239792, 151.603000, 180.000000, 0.000000, 45.518973]
  0004: [44.538318, -383.832297, 151.603000, 180.000000, 0.000000, 42.719246]
  0005: [46.366323, -382.105038, 151.603000, 180.000000, 0.000000, 38.200690]
  0006: [47.893073, -380.104132, 151.603000, 180.000000, 0.000000, 31.988548]
  0007: [49.082868, -377.881539, 151.603000, 180.000000, 0.000000, 23.366638]
  0008: [49.908719, -375.496116, 151.603000, 180.000000, 0.000000, 15.555762]
  0009: [50.283731, -373.043409, 151.603000, 180.000000, 0.000000, 9.038376]
  0010: [50.550179, -370.553522, 151.603000, 180.000000, 0.000000, 0.000000]
  0011: [50.754215, -368.038586, 151.603000, 180.000000, 0.000000, 0.000000]
  0012: [50.926757, -365.511854, 151.603000, 180.000000, 0.000000, 0.000000]
  0013: [51.098721, -362.986580, 151.603000, 180.000000, 0.000000, 0.000000]
  0014: [51.298010, -360.474793, 151.603000, 180.000000, 0.000000, 0.000000]
  0015: [51.501834, -357.967461, 151.603000, 180.000000, 0.000000, 0.000000]
  0016: [51.700029, -355.459624, 151.603000, 180.000000, 0.000000, 0.000000]
  0017: [51.895652, -352.951555, 151.603000, 180.000000, 0.000000, 0.000000]
  0018: [52.091761, -350.443531, 151.603000, 180.000000, 0.000000, 0.000000]
  0019: [52.290488, -347.935741, 151.603000, 180.000000, 0.000000, 0.000000]
  0020: [52.489592, -345.427985, 151.603000, 180.000000, 0.000000, 0.000000]
  0021: [52.688696, -342.920230, 151.603000, 180.000000, 0.000000, 0.000000]
  0022: [52.887800, -340.412474, 151.603000, 180.000000, 0.000000, 0.000000]
  0023: [53.086904, -337.904718, 151.603000, 180.000000, 0.000000, 0.000000]
  0024: [53.286008, -335.396962, 151.603000, 180.000000, 0.000000, 0.000000]
  0025: [53.485112, -332.889207, 151.603000, 180.000000, 0.000000, 0.000000]
  0026: [53.684217, -330.381451, 151.603000, 180.000000, 0.000000, 0.000000]
  0027: [53.883321, -327.873695, 151.603000, 180.000000, 0.000000, 0.000000]
  0028: [54.082425, -325.365940, 151.603000, 180.000000, 0.000000, 0.000000]
  0029: [54.281529, -322.858184, 151.603000, 180.000000, 0.000000, 0.000000]
  0030: [54.480633, -320.350428, 151.603000, 180.000000, 0.000000, 0.000000]
  0031: [54.679737, -317.842672, 151.603000, 180.000000, 0.000000, 0.000000]
  0032: [54.878842, -315.334917, 151.603000, 180.000000, 0.000000, 0.000000]
  0033: [55.084755, -312.827311, 151.603000, 180.000000, 0.000000, 7.814026]
  0034: [55.336577, -310.320715, 151.603000, 180.000000, 0.000000, 13.904613]
  0035: [55.596585, -307.814300, 151.603000, 180.000000, 0.000000, 20.989963]
  0036: [55.811186, -305.306885, 151.603000, 180.000000, 0.000000, 28.777870]
  0037: [55.926789, -302.797292, 151.603000, 180.000000, 0.000000, 36.592651]
  0038: [55.910947, -300.278791, 151.603000, 180.000000, 0.000000, 41.851002]
  0039: [55.704005, -297.781724, 151.603000, 180.000000, 0.000000, 45.824032]
  0040: [55.006554, -295.360391, 151.603000, 180.000000, 0.000000, 48.061577]
  0041: [53.933290, -293.080494, 151.603000, 180.000000, 0.000000, 47.616170]
  0042: [52.497333, -291.006043, 151.603000, 180.000000, 0.000000, 44.276005]
  0043: [50.736304, -289.204891, 151.603000, 180.000000, 0.000000, 39.264695]
  0044: [48.693284, -287.736066, 151.603000, 180.000000, 0.000000, 31.728603]
  0045: [46.425687, -286.647266, 151.603000, 180.000000, 0.000000, 22.787656]
  0046: [44.001780, -286.005689, 151.603000, 180.000000, 0.000000, 14.606735]
  0047: [41.499505, -285.707662, 151.603000, 180.000000, 0.000000, 8.007475]
  0048: [38.994012, -285.537817, 151.603000, 180.000000, 0.000000, 0.000000]
  0049: [36.480695, -285.411963, 151.603000, 180.000000, 0.000000, 0.000000]
  0050: [33.963926, -285.305520, 151.603000, 180.000000, 0.000000, 0.000000]
  0051: [31.448076, -285.193907, 151.603000, 180.000000, 0.000000, 0.000000]
  0052: [28.935639, -285.063104, 151.603000, 180.000000, 0.000000, 0.000000]
  0053: [26.423475, -284.930767, 151.603000, 180.000000, 0.000000, 0.000000]
  0054: [23.911311, -284.798429, 151.603000, 180.000000, 0.000000, 0.000000]
  0055: [21.399147, -284.666091, 151.603000, 180.000000, 0.000000, 0.000000]
  0056: [18.886983, -284.533754, 151.603000, 180.000000, 0.000000, 0.000000]
  0057: [16.374819, -284.401416, 151.603000, 180.000000, 0.000000, 0.000000]
  0058: [13.862655, -284.269079, 151.603000, 180.000000, 0.000000, 0.000000]
  0059: [11.350491, -284.136741, 151.603000, 180.000000, 0.000000, 0.000000]
  0060: [8.838327, -284.004403, 151.603000, 180.000000, 0.000000, 0.000000]
  0061: [6.326163, -283.872066, 151.603000, 180.000000, 0.000000, 0.000000]
  0062: [3.813999, -283.739728, 151.603000, 180.000000, 0.000000, 0.000000]
  0063: [1.301835, -283.607391, 151.603000, 180.000000, 0.000000, 0.000000]
  0064: [-1.210329, -283.475053, 151.603000, 180.000000, 0.000000, 0.000000]
  0065: [-3.722493, -283.342715, 151.603000, 180.000000, 0.000000, 0.000000]
  0066: [-6.234657, -283.210378, 151.603000, 180.000000, 0.000000, 0.000000]
  0067: [-8.746821, -283.078040, 151.603000, 180.000000, 0.000000, 0.000000]
  0068: [-11.258985, -282.945703, 151.603000, 180.000000, 0.000000, 0.000000]
  0069: [-13.771149, -282.813365, 151.603000, 180.000000, 0.000000, 0.000000]
  0070: [-16.283313, -282.681027, 151.603000, 180.000000, 0.000000, 0.000000]
  0071: [-18.795477, -282.548690, 151.603000, 180.000000, 0.000000, 0.000000]
  0072: [-21.307641, -282.416352, 151.603000, 180.000000, 0.000000, 0.000000]
  0073: [-23.819805, -282.284015, 151.603000, 180.000000, 0.000000, 0.000000]
  0074: [-26.331969, -282.151677, 151.603000, 180.000000, 0.000000, 0.000000]
  0075: [-28.844133, -282.019339, 151.603000, 180.000000, 0.000000, 0.000000]
  0076: [-31.356297, -281.887002, 151.603000, 180.000000, 0.000000, 0.000000]
  0077: [-33.868461, -281.754664, 151.603000, 180.000000, 0.000000, 0.000000]
  0078: [-36.380625, -281.622327, 151.603000, 180.000000, 0.000000, 0.000000]
  0079: [-38.892739, -281.482008, 151.603000, 180.000000, 0.000000, 9.381948]
  0080: [-41.404662, -281.311105, 151.603000, 180.000000, 0.000000, 16.052780]
  0081: [-43.916598, -281.142136, 151.603000, 180.000000, 0.000000, 23.901987]
  0082: [-46.428787, -281.013895, 151.603000, 180.000000, 0.000000, 32.275837]
  0083: [-48.941508, -280.965238, 151.603000, 180.000000, 0.000000, 38.876848]
  0084: [-51.459281, -281.060857, 151.603000, 180.000000, 0.000000, 43.278740]
  0085: [-53.926639, -281.533629, 151.603000, 180.000000, 0.000000, 46.079707]
  0086: [-56.275423, -282.432935, 151.603000, 180.000000, 0.000000, 46.639391]
  0087: [-58.441302, -283.710015, 151.603000, 180.000000, 0.000000, 44.522678]
  0088: [-60.367330, -285.328597, 151.603000, 180.000000, 0.000000, 40.651002]
  0089: [-62.006569, -287.242220, 151.603000, 180.000000, 0.000000, 35.207670]
  0090: [-63.321464, -289.395628, 151.603000, 180.000000, 0.000000, 27.561640]
  0091: [-64.275014, -291.727527, 151.603000, 180.000000, 0.000000, 19.326337]
  0092: [-64.797274, -294.179800, 151.603000, 180.000000, 0.000000, 12.127457]
  0093: [-65.060598, -296.682373, 151.603000, 180.000000, 0.000000, 6.402242]
  0094: [-65.232630, -299.188928, 151.603000, 180.000000, 0.000000, 0.000000]
  0095: [-65.365355, -301.702316, 151.603000, 180.000000, 0.000000, 0.000000]
  0096: [-65.481746, -304.218543, 151.603000, 180.000000, 0.000000, 0.000000]
  0097: [-65.604779, -306.733615, 151.603000, 180.000000, 0.000000, 0.000000]
  0098: [-65.746643, -309.245414, 151.603000, 180.000000, 0.000000, 0.000000]
  0099: [-65.889831, -311.756983, 151.603000, 180.000000, 0.000000, 0.000000]
  0100: [-66.033019, -314.268552, 151.603000, 180.000000, 0.000000, 0.000000]
  0101: [-66.176208, -316.780121, 151.603000, 180.000000, 0.000000, 0.000000]
  0102: [-66.319396, -319.291690, 151.603000, 180.000000, 0.000000, 0.000000]
  0103: [-66.462584, -321.803259, 151.603000, 180.000000, 0.000000, 0.000000]
  0104: [-66.605772, -324.314827, 151.603000, 180.000000, 0.000000, 0.000000]
  0105: [-66.748960, -326.826396, 151.603000, 180.000000, 0.000000, 0.000000]
  0106: [-66.892148, -329.337965, 151.603000, 180.000000, 0.000000, 0.000000]
  0107: [-67.035336, -331.849534, 151.603000, 180.000000, 0.000000, 0.000000]
  0108: [-67.178524, -334.361103, 151.603000, 180.000000, 0.000000, 0.000000]
  0109: [-67.321712, -336.872672, 151.603000, 180.000000, 0.000000, 0.000000]
  0110: [-67.464900, -339.384241, 151.603000, 180.000000, 0.000000, 0.000000]
  0111: [-67.608088, -341.895810, 151.603000, 180.000000, 0.000000, 0.000000]
  0112: [-67.751276, -344.407379, 151.603000, 180.000000, 0.000000, 0.000000]
  0113: [-67.894464, -346.918948, 151.603000, 180.000000, 0.000000, 0.000000]
  0114: [-68.037653, -349.430517, 151.603000, 180.000000, 0.000000, 0.000000]
  0115: [-68.180841, -351.942085, 151.603000, 180.000000, 0.000000, 0.000000]
  0116: [-68.324029, -354.453654, 151.603000, 180.000000, 0.000000, 5.287697]
  0117: [-68.487047, -356.965054, 151.603000, 180.000000, 0.000000, 10.841063]
  0118: [-68.675779, -359.476235, 151.603000, 180.000000, 0.000000, 17.872030]
  0119: [-68.851756, -361.987525, 151.603000, 180.000000, 0.000000, 26.005862]
  0120: [-68.976181, -364.499254, 151.603000, 180.000000, 0.000000, 34.591261]
  0121: [-69.008536, -367.012712, 151.603000, 180.000000, 0.000000, 40.679293]
  0122: [-68.888485, -369.524307, 151.603000, 180.000000, 0.000000, 44.912322]
  0123: [-68.300652, -371.976045, 151.603000, 180.000000, 0.000000, 47.397829]
  0124: [-67.316722, -374.292577, 151.603000, 180.000000, 0.000000, 47.348973]
  0125: [-65.956335, -376.407871, 151.603000, 180.000000, 0.000000, 44.394481]
  0126: [-64.259099, -378.262865, 151.603000, 180.000000, 0.000000, 39.884919]
  0127: [-62.274607, -379.806967, 151.603000, 180.000000, 0.000000, 33.491748]
  0128: [-60.059628, -380.999414, 151.603000, 180.000000, 0.000000, 25.128902]
  0129: [-57.676115, -381.810849, 151.603000, 180.000000, 0.000000, 16.823347]
  0130: [-55.190154, -382.215480, 151.603000, 180.000000, 0.000000, 9.924509]
  0131: [-52.689183, -382.416377, 151.603000, 180.000000, 0.000000, 0.000000]
  0132: [-50.178289, -382.560312, 151.603000, 180.000000, 0.000000, 0.000000]
  0133: [-47.662021, -382.675578, 151.603000, 180.000000, 0.000000, 0.000000]
  0134: [-45.145400, -382.788966, 151.603000, 180.000000, 0.000000, 0.000000]
  0135: [-42.632619, -382.922838, 151.603000, 180.000000, 0.000000, 0.000000]
  0136: [-40.120821, -383.061949, 151.603000, 180.000000, 0.000000, 0.000000]
  0137: [-37.609023, -383.201061, 151.603000, 180.000000, 0.000000, 0.000000]
  0138: [-35.097225, -383.340173, 151.603000, 180.000000, 0.000000, 0.000000]
  0139: [-32.585427, -383.479284, 151.603000, 180.000000, 0.000000, 0.000000]
  0140: [-30.073629, -383.618396, 151.603000, 180.000000, 0.000000, 0.000000]
  0141: [-27.561831, -383.757507, 151.603000, 180.000000, 0.000000, 0.000000]
  0142: [-25.050033, -383.896619, 151.603000, 180.000000, 0.000000, 0.000000]
  0143: [-22.538235, -384.035731, 151.603000, 180.000000, 0.000000, 0.000000]
  0144: [-20.026437, -384.174842, 151.603000, 180.000000, 0.000000, 0.000000]
  0145: [-17.514639, -384.313954, 151.603000, 180.000000, 0.000000, 0.000000]
  0146: [-15.002841, -384.453066, 151.603000, 180.000000, 0.000000, 0.000000]
  0147: [-12.491043, -384.592177, 151.603000, 180.000000, 0.000000, 0.000000]
  0148: [-9.979245, -384.731289, 151.603000, 180.000000, 0.000000, 0.000000]
  0149: [-7.467447, -384.870401, 151.603000, 180.000000, 0.000000, 0.000000]
  0150: [-4.955649, -385.009512, 151.603000, 180.000000, 0.000000, 0.000000]
  0151: [-2.443851, -385.148624, 151.603000, 180.000000, 0.000000, 0.000000]
  0152: [0.067947, -385.287735, 151.603000, 180.000000, 0.000000, 0.000000]
  0153: [2.579745, -385.426847, 151.603000, 180.000000, 0.000000, 0.000000]
  0154: [5.091543, -385.565959, 151.603000, 180.000000, 0.000000, 0.000000]
  0155: [7.603341, -385.705070, 151.603000, 180.000000, 0.000000, 0.000000]
  0156: [10.115139, -385.844182, 151.603000, 180.000000, 0.000000, 0.000000]
  0157: [12.626937, -385.983294, 151.603000, 180.000000, 0.000000, 0.000000]
  0158: [15.138735, -386.122405, 151.603000, 180.000000, 0.000000, 0.000000]
  0159: [17.650533, -386.261517, 151.603000, 180.000000, 0.000000, 0.000000]
  0160: [20.162331, -386.400628, 151.603000, 180.000000, 0.000000, 0.000000]
  0161: [22.674129, -386.539740, 151.603000, 180.000000, 0.000000, 0.000000]
  0162: [25.185655, -386.688494, 151.603000, 180.000000, 0.000000, 0.000000]
  0163: [27.696761, -386.852176, 151.603000, 180.000000, 0.000000, 0.000000]
  0164: [30.208096, -387.007735, 151.603000, 180.000000, 0.000000, 0.000000]
  0165: [32.720325, -387.131553, 151.603000, 180.000000, 0.000000, 0.000000]
  0166: [35.234433, -387.199763, 151.603000, 180.000000, 0.000000, 0.000000]

[SAMPLED]
path 1 count=43
  0000: [35.234433, -387.199763, 151.603000, 180.000000, 0.000000, 0.000000]
  0001: [44.486196, -383.867508, 151.603000, 180.000000, 0.000000, 0.000000]
  0002: [49.862892, -375.628484, 151.603000, 180.000000, 0.000000, 13.138544]
  0003: [50.914411, -365.692639, 151.603000, 180.000000, 0.000000, 13.130549]
  0004: [51.679288, -355.722074, 151.603000, 180.000000, 0.000000, 5.717706]
  0005: [52.463795, -345.752896, 151.603000, 180.000000, 0.000000, 0.000000]
  0006: [53.255258, -335.784266, 151.603000, 180.000000, 0.000000, 0.000000]
  0007: [54.046721, -325.815635, 151.603000, 180.000000, 0.000000, 0.000000]
  0008: [54.838184, -315.847005, 151.603000, 180.000000, 0.000000, 8.320181]
  0009: [55.761266, -305.890159, 151.603000, 180.000000, 0.000000, 15.888363]
  0010: [55.184148, -295.976942, 151.603000, 180.000000, 0.000000, 18.353971]
  0011: [49.277627, -288.156178, 151.603000, 180.000000, 0.000000, 18.456828]
  0012: [39.765959, -285.590146, 151.603000, 180.000000, 0.000000, 16.730538]
  0013: [29.777867, -285.106952, 151.603000, 180.000000, 0.000000, 9.984622]
  0014: [19.791686, -284.581412, 151.603000, 180.000000, 0.000000, 0.000000]
  0015: [9.805532, -284.055355, 151.603000, 180.000000, 0.000000, 0.000000]
  0016: [-0.180621, -283.529297, 151.603000, 180.000000, 0.000000, 0.000000]
  0017: [-10.166775, -283.003239, 151.603000, 180.000000, 0.000000, 0.000000]
  0018: [-20.152928, -282.477181, 151.603000, 180.000000, 0.000000, 0.000000]
  0019: [-30.139082, -281.951123, 151.603000, 180.000000, 0.000000, 0.000000]
  0020: [-40.123666, -281.398260, 151.603000, 180.000000, 0.000000, 12.197500]
  0021: [-50.110443, -281.009631, 151.603000, 180.000000, 0.000000, 17.544884]
  0022: [-59.289955, -284.423200, 151.603000, 180.000000, 0.000000, 18.025032]
  0023: [-64.489671, -292.735450, 151.603000, 180.000000, 0.000000, 17.793104]
  0024: [-65.410523, -302.678800, 151.603000, 180.000000, 0.000000, 13.267690]
  0025: [-65.941575, -312.664591, 151.603000, 180.000000, 0.000000, 5.753000]
  0026: [-66.510765, -322.648379, 151.603000, 180.000000, 0.000000, 0.000000]
  0027: [-67.079955, -332.632167, 151.603000, 180.000000, 0.000000, 0.000000]
  0028: [-67.649145, -342.615955, 151.603000, 180.000000, 0.000000, 0.000000]
  0029: [-68.218335, -352.599743, 151.603000, 180.000000, 0.000000, 8.545916]
  0030: [-68.880981, -362.577483, 151.603000, 180.000000, 0.000000, 15.826370]
  0031: [-68.094814, -372.460663, 151.603000, 180.000000, 0.000000, 18.077282]
  0032: [-61.864308, -380.027853, 151.603000, 180.000000, 0.000000, 18.125917]
  0033: [-52.284983, -382.439547, 151.603000, 180.000000, 0.000000, 16.456387]
  0034: [-42.297711, -382.941386, 151.603000, 180.000000, 0.000000, 9.472682]
  0035: [-32.313012, -383.494371, 151.603000, 180.000000, 0.000000, 0.000000]
  0036: [-22.328313, -384.047357, 151.603000, 180.000000, 0.000000, 0.000000]
  0037: [-12.343615, -384.600342, 151.603000, 180.000000, 0.000000, 0.000000]
  0038: [-2.358916, -385.153328, 151.603000, 180.000000, 0.000000, 0.000000]
  0039: [7.625783, -385.706313, 151.603000, 180.000000, 0.000000, 0.000000]
  0040: [17.610481, -386.259299, 151.603000, 180.000000, 0.000000, 0.000000]
  0041: [27.593211, -386.845426, 151.603000, 180.000000, 0.000000, 0.000000]
  0042: [35.234433, -387.199763, 151.603000, 180.000000, 0.000000, 0.000000]

[EXECUTION]
path 1 count=57
  0000: [35.234433, -387.199763, 151.603000, 180.000000, 0.000000, 0.000000]
  0001: [42.290695, -384.658273, 151.603000, 180.000000, 0.000000, 0.000000]
  0002: [47.309712, -379.540870, 151.603000, 180.000000, 0.000000, 6.899570]
  0003: [50.160543, -372.815967, 151.603000, 180.000000, 0.000000, 13.136281]
  0004: [50.940180, -365.356734, 151.603000, 180.000000, 0.000000, 12.880813]
  0005: [51.513845, -357.878706, 151.603000, 180.000000, 0.000000, 7.321103]
  0006: [52.097982, -350.401491, 151.603000, 180.000000, 0.000000, 2.666148]
  0007: [52.688336, -342.924762, 151.603000, 180.000000, 0.000000, 0.000000]
  0008: [53.281933, -335.448289, 151.603000, 180.000000, 0.000000, 0.000000]
  0009: [53.875530, -327.971817, 151.603000, 180.000000, 0.000000, 0.000000]
  0010: [54.469128, -320.495344, 151.603000, 180.000000, 0.000000, 4.440508]
  0011: [55.100077, -313.022086, 151.603000, 180.000000, 0.000000, 10.467397]
  0012: [55.741651, -305.553240, 151.603000, 180.000000, 0.000000, 15.972162]
  0013: [55.305762, -298.065917, 151.603000, 180.000000, 0.000000, 17.834403]
  0014: [51.925214, -291.661820, 151.603000, 180.000000, 0.000000, 18.410723]
  0015: [46.277958, -287.346936, 151.603000, 180.000000, 0.000000, 17.912413]
  0016: [39.011650, -285.553655, 151.603000, 180.000000, 0.000000, 16.221080]
  0017: [31.520410, -285.191251, 151.603000, 180.000000, 0.000000, 11.161529]
  0018: [24.030402, -284.804482, 151.603000, 180.000000, 0.000000, 4.238054]
  0019: [16.540775, -284.410159, 151.603000, 180.000000, 0.000000, 0.000000]
  0020: [9.051160, -284.015615, 151.603000, 180.000000, 0.000000, 0.000000]
  0021: [1.561545, -283.621072, 151.603000, 180.000000, 0.000000, 0.000000]
  0022: [-5.928070, -283.226528, 151.603000, 180.000000, 0.000000, 0.000000]
  0023: [-13.417686, -282.831985, 151.603000, 180.000000, 0.000000, 0.000000]
  0024: [-20.907301, -282.437442, 151.603000, 180.000000, 0.000000, 0.000000]
  0025: [-28.396916, -282.042898, 151.603000, 180.000000, 0.000000, 0.000000]
  0026: [-35.885697, -281.632923, 151.603000, 180.000000, 0.000000, 7.020257]
  0027: [-43.376743, -281.271668, 151.603000, 180.000000, 0.000000, 13.939349]
  0028: [-50.823912, -281.274948, 151.603000, 180.000000, 0.000000, 17.582203]
  0029: [-57.853593, -283.889062, 151.603000, 180.000000, 0.000000, 17.949901]
  0030: [-62.454739, -289.482414, 151.603000, 180.000000, 0.000000, 17.883870]
  0031: [-64.827448, -296.382762, 151.603000, 180.000000, 0.000000, 16.133141]
  0032: [-65.473030, -303.854159, 151.603000, 180.000000, 0.000000, 12.383187]
  0033: [-65.871323, -311.343576, 151.603000, 180.000000, 0.000000, 6.747114]
  0034: [-66.293171, -318.831695, 151.603000, 180.000000, 0.000000, 2.199304]
  0035: [-66.720063, -326.319536, 151.603000, 180.000000, 0.000000, 0.000000]
  0036: [-67.146955, -333.807377, 151.603000, 180.000000, 0.000000, 0.000000]
  0037: [-67.573848, -341.295218, 151.603000, 180.000000, 0.000000, 0.000000]
  0038: [-68.000740, -348.783059, 151.603000, 180.000000, 0.000000, 5.278914]
  0039: [-68.462004, -356.268779, 151.603000, 180.000000, 0.000000, 11.223101]
  0040: [-68.787619, -363.751174, 151.603000, 180.000000, 0.000000, 16.093681]
  0041: [-68.192902, -371.227558, 151.603000, 180.000000, 0.000000, 17.796440]
  0042: [-64.113874, -377.295669, 151.603000, 180.000000, 0.000000, 18.108357]
  0043: [-58.023287, -380.994870, 151.603000, 180.000000, 0.000000, 17.456486]
  0044: [-50.704344, -382.518971, 151.603000, 180.000000, 0.000000, 15.351108]
  0045: [-43.213794, -382.895355, 151.603000, 180.000000, 0.000000, 10.113263]
  0046: [-35.725022, -383.305403, 151.603000, 180.000000, 0.000000, 3.237042]
  0047: [-28.236498, -383.720142, 151.603000, 180.000000, 0.000000, 0.000000]
  0048: [-20.747974, -384.134881, 151.603000, 180.000000, 0.000000, 0.000000]
  0049: [-13.259450, -384.549620, 151.603000, 180.000000, 0.000000, 0.000000]
  0050: [-5.770926, -384.964359, 151.603000, 180.000000, 0.000000, 0.000000]
  0051: [1.717598, -385.379099, 151.603000, 180.000000, 0.000000, 0.000000]
  0052: [9.206122, -385.793838, 151.603000, 180.000000, 0.000000, 0.000000]
  0053: [16.694646, -386.208577, 151.603000, 180.000000, 0.000000, 0.000000]
  0054: [24.181925, -386.645136, 151.603000, 180.000000, 0.000000, 0.000000]
  0055: [31.671667, -387.034551, 151.603000, 180.000000, 0.000000, 0.000000]
  0056: [35.234433, -387.199763, 151.603000, 180.000000, 0.000000, 0.000000]
