# Trajectory point dump
# timestamp=20260507_144017

[RAW]
path 1 count=101
  0000: [51.119614, -403.211902, 151.603000, 180.000000, 0.000000, 0.000000]
  0001: [52.088658, -403.179720, 151.603000, 180.000000, 0.000000, 0.000000]
  0002: [53.055359, -403.084251, 151.603000, 180.000000, 0.000000, 54.161821]
  0003: [54.015585, -402.925902, 151.603000, 180.000000, 0.000000, 54.830678]
  0004: [54.965267, -402.705293, 151.603000, 180.000000, 0.000000, 54.770014]
  0005: [55.900381, -402.423384, 151.603000, 180.000000, 0.000000, 54.731951]
  0006: [56.816960, -402.081376, 151.603000, 180.000000, 0.000000, 54.716711]
  0007: [57.711111, -401.680748, 151.603000, 180.000000, 0.000000, 54.725766]
  0008: [58.579047, -401.223130, 151.603000, 180.000000, 0.000000, 54.444010]
  0009: [59.417100, -400.710486, 151.603000, 180.000000, 0.000000, 53.887200]
  0010: [60.221676, -400.144995, 151.603000, 180.000000, 0.000000, 53.336774]
  0011: [60.989395, -399.529048, 151.603000, 180.000000, 0.000000, 49.695720]
  0012: [61.716987, -398.865248, 151.603000, 180.000000, 0.000000, 46.059696]
  0013: [62.401339, -398.156440, 151.603000, 180.000000, 0.000000, 42.426929]
  0014: [63.039556, -397.405620, 151.603000, 180.000000, 0.000000, 38.795553]
  0015: [63.628897, -396.615964, 151.603000, 180.000000, 0.000000, 35.163960]
  0016: [64.166872, -395.790800, 151.603000, 180.000000, 0.000000, 31.530086]
  0017: [64.651148, -394.933695, 151.603000, 180.000000, 0.000000, 27.891993]
  0018: [65.079667, -394.048245, 151.603000, 180.000000, 0.000000, 24.248246]
  0019: [65.450562, -393.138257, 151.603000, 180.000000, 0.000000, 20.596861]
  0020: [65.762251, -392.207595, 151.603000, 180.000000, 0.000000, 16.935952]
  0021: [66.013371, -391.260211, 151.603000, 180.000000, 0.000000, 13.263963]
  0022: [66.202817, -390.300146, 151.603000, 180.000000, 0.000000, 9.579556]
  0023: [66.329736, -389.331528, 151.603000, 180.000000, 0.000000, 6.196379]
  0024: [66.393562, -388.358483, 151.603000, 180.000000, 0.000000, 0.000000]
  0025: [68.363290, -317.857539, 151.603000, 180.000000, 0.000000, 0.000000]
  0026: [68.351934, -316.853760, 151.603000, 180.000000, 0.000000, 55.685337]
  0027: [68.276319, -315.854027, 151.603000, 180.000000, 0.000000, 56.458420]
  0028: [68.136779, -314.862634, 151.603000, 180.000000, 0.000000, 56.924138]
  0029: [67.933899, -313.883827, 151.603000, 180.000000, 0.000000, 57.097336]
  0030: [67.668511, -312.921817, 151.603000, 180.000000, 0.000000, 57.257971]
  0031: [67.341741, -311.980778, 151.603000, 180.000000, 0.000000, 57.402888]
  0032: [66.954990, -311.064714, 151.603000, 180.000000, 0.000000, 57.529008]
  0033: [66.509885, -310.177576, 151.603000, 180.000000, 0.000000, 57.206017]
  0034: [66.008321, -309.323220, 151.603000, 180.000000, 0.000000, 56.421147]
  0035: [65.452439, -308.505360, 151.603000, 180.000000, 0.000000, 55.607823]
  0036: [64.844590, -307.727476, 151.603000, 180.000000, 0.000000, 51.806828]
  0037: [64.187392, -306.992968, 151.603000, 180.000000, 0.000000, 47.991561]
  0038: [63.483623, -306.304973, 151.603000, 180.000000, 0.000000, 44.163362]
  0039: [62.736311, -305.666531, 151.603000, 180.000000, 0.000000, 40.323545]
  0040: [61.948638, -305.080359, 151.603000, 180.000000, 0.000000, 36.473081]
  0041: [61.123972, -304.548973, 151.603000, 180.000000, 0.000000, 32.613728]
  0042: [60.265877, -304.074747, 151.603000, 180.000000, 0.000000, 28.748057]
  0043: [59.377994, -303.659704, 151.603000, 180.000000, 0.000000, 24.877770]
  0044: [58.464172, -303.305631, 151.603000, 180.000000, 0.000000, 21.004353]
  0045: [57.528297, -303.014058, 151.603000, 180.000000, 0.000000, 17.131018]
  0046: [56.574422, -302.786298, 151.603000, 180.000000, 0.000000, 13.259591]
  0047: [55.606639, -302.623295, 151.603000, 180.000000, 0.000000, 9.392319]
  0048: [54.629101, -302.525780, 151.603000, 180.000000, 0.000000, 5.959186]
  0049: [53.646037, -302.494145, 151.603000, 180.000000, 0.000000, 0.000000]
  0050: [-37.148154, -302.274158, 151.603000, 180.000000, 0.000000, 0.000000]
  0051: [-38.142867, -302.300234, 151.603000, 180.000000, 0.000000, 55.371466]
  0052: [-39.133715, -302.392230, 151.603000, 180.000000, 0.000000, 56.153438]
  0053: [-40.116433, -302.549754, 151.603000, 180.000000, 0.000000, 56.511352]
  0054: [-41.086777, -302.772154, 151.603000, 180.000000, 0.000000, 56.433164]
  0055: [-42.040583, -303.058427, 151.603000, 180.000000, 0.000000, 56.353083]
  0056: [-42.973697, -303.407356, 151.603000, 180.000000, 0.000000, 52.558166]
  0057: [-43.882142, -303.817402, 151.603000, 180.000000, 0.000000, 52.481396]
  0058: [-44.762018, -304.286842, 151.603000, 180.000000, 0.000000, 52.405780]
  0059: [-45.609489, -304.813572, 151.603000, 180.000000, 0.000000, 51.911617]
  0060: [-46.420932, -305.395348, 151.603000, 180.000000, 0.000000, 51.024802]
  0061: [-47.192884, -306.029620, 151.603000, 180.000000, 0.000000, 50.163954]
  0062: [-47.922025, -306.713685, 151.603000, 180.000000, 0.000000, 46.400083]
  0063: [-48.605214, -307.444519, 151.603000, 180.000000, 0.000000, 42.643003]
  0064: [-49.239537, -308.219003, 151.603000, 180.000000, 0.000000, 38.891844]
  0065: [-49.822317, -309.033760, 151.603000, 180.000000, 0.000000, 35.147235]
  0066: [-50.351021, -309.885274, 151.603000, 180.000000, 0.000000, 31.408822]
  0067: [-50.823405, -310.769827, 151.603000, 180.000000, 0.000000, 27.676406]
  0068: [-51.237509, -311.683645, 151.603000, 180.000000, 0.000000, 23.949432]
  0069: [-51.591543, -312.622733, 151.603000, 180.000000, 0.000000, 20.227399]
  0070: [-51.884063, -313.583085, 151.603000, 180.000000, 0.000000, 16.509759]
  0071: [-52.113793, -314.560555, 151.603000, 180.000000, 0.000000, 12.795892]
  0072: [-52.279799, -315.550909, 151.603000, 180.000000, 0.000000, 9.084967]
  0073: [-52.381425, -316.549878, 151.603000, 180.000000, 0.000000, 5.798063]
  0074: [-52.418244, -317.553183, 151.603000, 180.000000, 0.000000, 0.000000]
  0075: [-53.038559, -387.787515, 151.603000, 180.000000, 0.000000, 0.000000]
  0076: [-53.017948, -388.755284, 151.603000, 180.000000, 0.000000, 55.328127]
  0077: [-52.933115, -389.719368, 151.603000, 180.000000, 0.000000, 56.101276]
  0078: [-52.784493, -390.675634, 151.603000, 180.000000, 0.000000, 56.428712]
  0079: [-52.572723, -391.620010, 151.603000, 180.000000, 0.000000, 56.337360]
  0080: [-52.298776, -392.548480, 151.603000, 180.000000, 0.000000, 56.245404]
  0081: [-51.963787, -393.457113, 151.603000, 180.000000, 0.000000, 56.154792]
  0082: [-51.569280, -394.342036, 151.603000, 180.000000, 0.000000, 56.067349]
  0083: [-51.116958, -395.199522, 151.603000, 180.000000, 0.000000, 55.683908]
  0084: [-50.608752, -396.025899, 151.603000, 180.000000, 0.000000, 54.566546]
  0085: [-50.046840, -396.817673, 151.603000, 180.000000, 0.000000, 52.716423]
  0086: [-49.433691, -397.571464, 151.603000, 180.000000, 0.000000, 48.953009]
  0087: [-48.771953, -398.284101, 151.603000, 180.000000, 0.000000, 45.197211]
  0088: [-48.064403, -398.952528, 151.603000, 180.000000, 0.000000, 41.449523]
  0089: [-47.314139, -399.573869, 151.603000, 180.000000, 0.000000, 37.709013]
  0090: [-46.524363, -400.145545, 151.603000, 180.000000, 0.000000, 33.974794]
  0091: [-45.698429, -400.665096, 151.603000, 180.000000, 0.000000, 30.247208]
  0092: [-44.839890, -401.130273, 151.603000, 180.000000, 0.000000, 26.525908]
  0093: [-43.952411, -401.539095, 151.603000, 180.000000, 0.000000, 22.809500]
  0094: [-43.039778, -401.889857, 151.603000, 180.000000, 0.000000, 19.097349]
  0095: [-42.105876, -402.181033, 151.603000, 180.000000, 0.000000, 15.389483]
  0096: [-41.154698, -402.411342, 151.603000, 180.000000, 0.000000, 11.684621]
  0097: [-40.190313, -402.579837, 151.603000, 180.000000, 0.000000, 7.981736]
  0098: [-39.216778, -402.685754, 151.603000, 180.000000, 0.000000, 0.000000]
  0099: [-38.238293, -402.728636, 151.603000, 180.000000, 0.000000, 0.000000]
  0100: [51.119614, -403.211902, 151.603000, 180.000000, 0.000000, 0.000000]

[PREPARED]
path 1 count=61
  0000: [51.119614, -403.211902, 151.603000, 180.000000, 0.000000, 0.000000]
  0001: [54.015585, -402.925902, 151.603000, 180.000000, 0.000000, 0.000000]
  0002: [56.816960, -402.081376, 151.603000, 180.000000, 0.000000, 51.598206]
  0003: [59.417100, -400.710486, 151.603000, 180.000000, 0.000000, 50.552083]
  0004: [61.716987, -398.865248, 151.603000, 180.000000, 0.000000, 45.146667]
  0005: [63.628897, -396.615964, 151.603000, 180.000000, 0.000000, 34.205054]
  0006: [65.079667, -394.048245, 151.603000, 180.000000, 0.000000, 23.257928]
  0007: [66.013371, -391.260211, 151.603000, 180.000000, 0.000000, 13.326133]
  0008: [66.393562, -388.358483, 151.603000, 180.000000, 0.000000, 8.956278]
  0009: [66.721850, -376.608326, 151.603000, 180.000000, 0.000000, 0.000000]
  0010: [67.050138, -364.858169, 151.603000, 180.000000, 0.000000, 0.000000]
  0011: [67.378426, -353.108011, 151.603000, 180.000000, 0.000000, 0.000000]
  0012: [67.706714, -341.357854, 151.603000, 180.000000, 0.000000, 0.000000]
  0013: [68.035002, -329.607697, 151.603000, 180.000000, 0.000000, 0.000000]
  0014: [68.363290, -317.857539, 151.603000, 180.000000, 0.000000, 13.570186]
  0015: [68.136779, -314.862634, 151.603000, 180.000000, 0.000000, 52.475385]
  0016: [67.341741, -311.980778, 151.603000, 180.000000, 0.000000, 54.925489]
  0017: [66.008321, -309.323220, 151.603000, 180.000000, 0.000000, 52.780799]
  0018: [64.187392, -306.992968, 151.603000, 180.000000, 0.000000, 47.188892]
  0019: [61.948638, -305.080359, 151.603000, 180.000000, 0.000000, 35.734192]
  0020: [59.377994, -303.659704, 151.603000, 180.000000, 0.000000, 24.202664]
  0021: [56.574422, -302.786298, 151.603000, 180.000000, 0.000000, 13.831457]
  0022: [53.646037, -302.494145, 151.603000, 180.000000, 0.000000, 9.190590]
  0023: [42.296764, -302.466647, 151.603000, 180.000000, 0.000000, 0.000000]
  0024: [30.947490, -302.439148, 151.603000, 180.000000, 0.000000, 0.000000]
  0025: [19.598216, -302.411650, 151.603000, 180.000000, 0.000000, 0.000000]
  0026: [8.248942, -302.384151, 151.603000, 180.000000, 0.000000, 0.000000]
  0027: [-3.100332, -302.356653, 151.603000, 180.000000, 0.000000, 0.000000]
  0028: [-14.449606, -302.329155, 151.603000, 180.000000, 0.000000, 0.000000]
  0029: [-25.798880, -302.301656, 151.603000, 180.000000, 0.000000, 0.000000]
  0030: [-37.148154, -302.274158, 151.603000, 180.000000, 0.000000, 13.553286]
  0031: [-40.116433, -302.549754, 151.603000, 180.000000, 0.000000, 51.884111]
  0032: [-42.973697, -303.407356, 151.603000, 180.000000, 0.000000, 53.991741]
  0033: [-45.609489, -304.813572, 151.603000, 180.000000, 0.000000, 51.590653]
  0034: [-47.922025, -306.713685, 151.603000, 180.000000, 0.000000, 40.272520]
  0035: [-49.822317, -309.033760, 151.603000, 180.000000, 0.000000, 34.521743]
  0036: [-51.237509, -311.683645, 151.603000, 180.000000, 0.000000, 23.299585]
  0037: [-52.113793, -314.560555, 151.603000, 180.000000, 0.000000, 13.282490]
  0038: [-52.418244, -317.553183, 151.603000, 180.000000, 0.000000, 8.806613]
  0039: [-52.521630, -329.258905, 151.603000, 180.000000, 0.000000, 0.000000]
  0040: [-52.625016, -340.964627, 151.603000, 180.000000, 0.000000, 0.000000]
  0041: [-52.728402, -352.670349, 151.603000, 180.000000, 0.000000, 0.000000]
  0042: [-52.831787, -364.376071, 151.603000, 180.000000, 0.000000, 0.000000]
  0043: [-52.935173, -376.081793, 151.603000, 180.000000, 0.000000, 0.000000]
  0044: [-53.038559, -387.787515, 151.603000, 180.000000, 0.000000, 13.589657]
  0045: [-52.784493, -390.675634, 151.603000, 180.000000, 0.000000, 51.850371]
  0046: [-51.963787, -393.457113, 151.603000, 180.000000, 0.000000, 54.037367]
  0047: [-50.608752, -396.025899, 151.603000, 180.000000, 0.000000, 51.726749]
  0048: [-48.771953, -398.284101, 151.603000, 180.000000, 0.000000, 46.050235]
  0049: [-46.524363, -400.145545, 151.603000, 180.000000, 0.000000, 34.801286]
  0050: [-43.952411, -401.539095, 151.603000, 180.000000, 0.000000, 23.605445]
  0051: [-41.154698, -402.411342, 151.603000, 180.000000, 0.000000, 13.492331]
  0052: [-38.238293, -402.728636, 151.603000, 180.000000, 0.000000, 9.029249]
  0053: [-27.068554, -402.789044, 151.603000, 180.000000, 0.000000, 0.000000]
  0054: [-15.898816, -402.849452, 151.603000, 180.000000, 0.000000, 0.000000]
  0055: [-4.729078, -402.909860, 151.603000, 180.000000, 0.000000, 0.000000]
  0056: [6.440661, -402.970269, 151.603000, 180.000000, 0.000000, 0.000000]
  0057: [17.610399, -403.030677, 151.603000, 180.000000, 0.000000, 0.000000]
  0058: [28.780137, -403.091085, 151.603000, 180.000000, 0.000000, 0.000000]
  0059: [39.949876, -403.151493, 151.603000, 180.000000, 0.000000, 0.000000]
  0060: [51.119614, -403.211902, 151.603000, 180.000000, 0.000000, 0.000000]

[CURVE]
path 1 count=166
  0000: [51.119614, -403.211902, 151.603000, 180.000000, 0.000000, 0.000000]
  0001: [53.631394, -402.983023, 151.603000, 180.000000, 0.000000, 0.000000]
  0002: [56.068949, -402.363893, 151.603000, 180.000000, 0.000000, 45.053923]
  0003: [58.368848, -401.341876, 151.603000, 180.000000, 0.000000, 46.337883]
  0004: [60.469804, -399.957196, 151.603000, 180.000000, 0.000000, 44.180463]
  0005: [62.317886, -398.248827, 151.603000, 180.000000, 0.000000, 40.256230]
  0006: [63.866486, -396.262830, 151.603000, 180.000000, 0.000000, 34.641824]
  0007: [65.078494, -394.051003, 151.603000, 180.000000, 0.000000, 26.746651]
  0008: [65.923246, -391.672701, 151.603000, 180.000000, 0.000000, 18.291079]
  0009: [66.327247, -389.191413, 151.603000, 180.000000, 0.000000, 11.135846]
  0010: [66.471296, -386.682561, 151.603000, 180.000000, 0.000000, 5.597622]
  0011: [66.554033, -384.168512, 151.603000, 180.000000, 0.000000, 0.000000]
  0012: [66.611867, -381.649591, 151.603000, 180.000000, 0.000000, 0.000000]
  0013: [66.662038, -379.129171, 151.603000, 180.000000, 0.000000, 0.000000]
  0014: [66.721786, -376.610625, 151.603000, 180.000000, 0.000000, 0.000000]
  0015: [66.792094, -374.094145, 151.603000, 180.000000, 0.000000, 0.000000]
  0016: [66.862402, -371.577665, 151.603000, 180.000000, 0.000000, 0.000000]
  0017: [66.932710, -369.061184, 151.603000, 180.000000, 0.000000, 0.000000]
  0018: [67.003018, -366.544704, 151.603000, 180.000000, 0.000000, 0.000000]
  0019: [67.073326, -364.028224, 151.603000, 180.000000, 0.000000, 0.000000]
  0020: [67.143634, -361.511743, 151.603000, 180.000000, 0.000000, 0.000000]
  0021: [67.213942, -358.995263, 151.603000, 180.000000, 0.000000, 0.000000]
  0022: [67.284250, -356.478783, 151.603000, 180.000000, 0.000000, 0.000000]
  0023: [67.354558, -353.962302, 151.603000, 180.000000, 0.000000, 0.000000]
  0024: [67.424866, -351.445822, 151.603000, 180.000000, 0.000000, 0.000000]
  0025: [67.495174, -348.929342, 151.603000, 180.000000, 0.000000, 0.000000]
  0026: [67.565482, -346.412861, 151.603000, 180.000000, 0.000000, 0.000000]
  0027: [67.635790, -343.896381, 151.603000, 180.000000, 0.000000, 0.000000]
  0028: [67.706098, -341.379901, 151.603000, 180.000000, 0.000000, 0.000000]
  0029: [67.776406, -338.863420, 151.603000, 180.000000, 0.000000, 0.000000]
  0030: [67.846714, -336.346940, 151.603000, 180.000000, 0.000000, 0.000000]
  0031: [67.917022, -333.830460, 151.603000, 180.000000, 0.000000, 0.000000]
  0032: [67.987330, -331.313979, 151.603000, 180.000000, 0.000000, 0.000000]
  0033: [68.059092, -328.797422, 151.603000, 180.000000, 0.000000, 7.095144]
  0034: [68.146810, -326.280024, 151.603000, 180.000000, 0.000000, 13.176485]
  0035: [68.239066, -323.762385, 151.603000, 180.000000, 0.000000, 20.866147]
  0036: [68.316510, -321.245529, 151.603000, 180.000000, 0.000000, 29.388544]
  0037: [68.359792, -318.730474, 151.603000, 180.000000, 0.000000, 37.135290]
  0038: [68.281954, -316.211934, 151.603000, 180.000000, 0.000000, 42.617825]
  0039: [67.912239, -313.730128, 151.603000, 180.000000, 0.000000, 46.547015]
  0040: [67.089556, -311.347964, 151.603000, 180.000000, 0.000000, 48.444203]
  0041: [65.887129, -309.131729, 151.603000, 180.000000, 0.000000, 47.639238]
  0042: [64.330240, -307.144500, 151.603000, 180.000000, 0.000000, 44.239247]
  0043: [62.463077, -305.450618, 151.603000, 180.000000, 0.000000, 38.987636]
  0044: [60.334878, -304.103953, 151.603000, 180.000000, 0.000000, 31.316554]
  0045: [58.006484, -303.145023, 151.603000, 180.000000, 0.000000, 22.254512]
  0046: [55.547889, -302.639130, 151.603000, 180.000000, 0.000000, 13.873273]
  0047: [53.032032, -302.490785, 151.603000, 180.000000, 0.000000, 7.429410]
  0048: [50.517806, -302.480982, 151.603000, 180.000000, 0.000000, 0.000000]
  0049: [47.999708, -302.475620, 151.603000, 180.000000, 0.000000, 0.000000]
  0050: [45.479937, -302.472177, 151.603000, 180.000000, 0.000000, 0.000000]
  0051: [42.960692, -302.468131, 151.603000, 180.000000, 0.000000, 0.000000]
  0052: [40.443129, -302.462155, 151.603000, 180.000000, 0.000000, 0.000000]
  0053: [37.925674, -302.456056, 151.603000, 180.000000, 0.000000, 0.000000]
  0054: [35.408219, -302.449956, 151.603000, 180.000000, 0.000000, 0.000000]
  0055: [32.890764, -302.443857, 151.603000, 180.000000, 0.000000, 0.000000]
  0056: [30.373309, -302.437757, 151.603000, 180.000000, 0.000000, 0.000000]
  0057: [27.855854, -302.431657, 151.603000, 180.000000, 0.000000, 0.000000]
  0058: [25.338399, -302.425558, 151.603000, 180.000000, 0.000000, 0.000000]
  0059: [22.820944, -302.419458, 151.603000, 180.000000, 0.000000, 0.000000]
  0060: [20.303489, -302.413359, 151.603000, 180.000000, 0.000000, 0.000000]
  0061: [17.786034, -302.407259, 151.603000, 180.000000, 0.000000, 0.000000]
  0062: [15.268579, -302.401159, 151.603000, 180.000000, 0.000000, 0.000000]
  0063: [12.751125, -302.395060, 151.603000, 180.000000, 0.000000, 0.000000]
  0064: [10.233670, -302.388960, 151.603000, 180.000000, 0.000000, 0.000000]
  0065: [7.716215, -302.382861, 151.603000, 180.000000, 0.000000, 0.000000]
  0066: [5.198760, -302.376761, 151.603000, 180.000000, 0.000000, 0.000000]
  0067: [2.681305, -302.370661, 151.603000, 180.000000, 0.000000, 0.000000]
  0068: [0.163850, -302.364562, 151.603000, 180.000000, 0.000000, 0.000000]
  0069: [-2.353605, -302.358462, 151.603000, 180.000000, 0.000000, 0.000000]
  0070: [-4.871060, -302.352363, 151.603000, 180.000000, 0.000000, 0.000000]
  0071: [-7.388515, -302.346263, 151.603000, 180.000000, 0.000000, 0.000000]
  0072: [-9.905970, -302.340163, 151.603000, 180.000000, 0.000000, 0.000000]
  0073: [-12.423425, -302.334064, 151.603000, 180.000000, 0.000000, 0.000000]
  0074: [-14.940880, -302.327964, 151.603000, 180.000000, 0.000000, 0.000000]
  0075: [-17.458334, -302.321865, 151.603000, 180.000000, 0.000000, 0.000000]
  0076: [-19.975789, -302.315765, 151.603000, 180.000000, 0.000000, 0.000000]
  0077: [-22.493244, -302.309665, 151.603000, 180.000000, 0.000000, 0.000000]
  0078: [-25.010699, -302.303566, 151.603000, 180.000000, 0.000000, 0.000000]
  0079: [-27.528726, -302.296925, 151.603000, 180.000000, 0.000000, 9.600623]
  0080: [-30.048156, -302.288957, 151.603000, 180.000000, 0.000000, 16.598578]
  0081: [-32.567235, -302.281321, 151.603000, 180.000000, 0.000000, 25.391866]
  0082: [-35.084060, -302.275817, 151.603000, 180.000000, 0.000000, 33.731787]
  0083: [-37.597720, -302.283026, 151.603000, 180.000000, 0.000000, 40.008119]
  0084: [-40.102993, -302.547829, 151.603000, 180.000000, 0.000000, 44.315483]
  0085: [-42.528918, -303.236509, 151.603000, 180.000000, 0.000000, 46.848349]
  0086: [-44.805051, -304.312355, 151.603000, 180.000000, 0.000000, 46.788701]
  0087: [-46.869035, -305.751033, 151.603000, 180.000000, 0.000000, 44.302519]
  0088: [-48.665472, -307.512318, 151.603000, 180.000000, 0.000000, 40.091456]
  0089: [-50.147974, -309.546679, 151.603000, 180.000000, 0.000000, 34.166205]
  0090: [-51.282253, -311.797987, 151.603000, 180.000000, 0.000000, 26.042611]
  0091: [-52.049747, -314.203928, 151.603000, 180.000000, 0.000000, 17.466077]
  0092: [-52.375945, -316.696984, 151.603000, 180.000000, 0.000000, 10.399894]
  0093: [-52.445923, -319.210541, 151.603000, 180.000000, 0.000000, 5.104397]
  0094: [-52.473523, -321.726363, 151.603000, 180.000000, 0.000000, 0.000000]
  0095: [-52.490426, -324.245259, 151.603000, 180.000000, 0.000000, 0.000000]
  0096: [-52.504058, -326.765095, 151.603000, 180.000000, 0.000000, 0.000000]
  0097: [-52.521849, -329.283736, 151.603000, 180.000000, 0.000000, 0.000000]
  0098: [-52.544083, -331.801100, 151.603000, 180.000000, 0.000000, 0.000000]
  0099: [-52.566317, -334.318464, 151.603000, 180.000000, 0.000000, 0.000000]
  0100: [-52.588550, -336.835828, 151.603000, 180.000000, 0.000000, 0.000000]
  0101: [-52.610784, -339.353192, 151.603000, 180.000000, 0.000000, 0.000000]
  0102: [-52.633017, -341.870557, 151.603000, 180.000000, 0.000000, 0.000000]
  0103: [-52.655251, -344.387921, 151.603000, 180.000000, 0.000000, 0.000000]
  0104: [-52.677484, -346.905285, 151.603000, 180.000000, 0.000000, 0.000000]
  0105: [-52.699718, -349.422649, 151.603000, 180.000000, 0.000000, 0.000000]
  0106: [-52.721951, -351.940013, 151.603000, 180.000000, 0.000000, 0.000000]
  0107: [-52.744185, -354.457377, 151.603000, 180.000000, 0.000000, 0.000000]
  0108: [-52.766418, -356.974741, 151.603000, 180.000000, 0.000000, 0.000000]
  0109: [-52.788652, -359.492105, 151.603000, 180.000000, 0.000000, 0.000000]
  0110: [-52.810885, -362.009470, 151.603000, 180.000000, 0.000000, 0.000000]
  0111: [-52.833119, -364.526834, 151.603000, 180.000000, 0.000000, 0.000000]
  0112: [-52.855352, -367.044198, 151.603000, 180.000000, 0.000000, 0.000000]
  0113: [-52.877586, -369.561562, 151.603000, 180.000000, 0.000000, 0.000000]
  0114: [-52.899819, -372.078926, 151.603000, 180.000000, 0.000000, 0.000000]
  0115: [-52.922053, -374.596290, 151.603000, 180.000000, 0.000000, 0.000000]
  0116: [-52.945019, -377.113844, 151.603000, 180.000000, 0.000000, 7.549080]
  0117: [-52.973143, -379.632736, 151.603000, 180.000000, 0.000000, 13.978819]
  0118: [-53.002131, -382.151851, 151.603000, 180.000000, 0.000000, 22.259969]
  0119: [-53.025813, -384.669591, 151.603000, 180.000000, 0.000000, 31.193607]
  0120: [-53.038022, -387.184356, 151.603000, 180.000000, 0.000000, 38.750527]
  0121: [-52.910149, -389.701627, 151.603000, 180.000000, 0.000000, 43.922332]
  0122: [-52.428487, -392.165273, 151.603000, 180.000000, 0.000000, 47.272162]
  0123: [-51.495020, -394.504014, 151.603000, 180.000000, 0.000000, 48.235938]
  0124: [-50.176510, -396.649162, 151.603000, 180.000000, 0.000000, 46.331105]
  0125: [-48.511803, -398.540361, 151.603000, 180.000000, 0.000000, 42.276700]
  0126: [-46.550997, -400.127801, 151.603000, 180.000000, 0.000000, 36.578373]
  0127: [-44.354217, -401.368212, 151.603000, 180.000000, 0.000000, 28.667871]
  0128: [-41.984506, -402.229060, 151.603000, 180.000000, 0.000000, 19.753791]
  0129: [-39.507507, -402.646154, 151.603000, 180.000000, 0.000000, 12.060566]
  0130: [-36.993728, -402.742372, 151.603000, 180.000000, 0.000000, 6.203038]
  0131: [-34.478650, -402.760740, 151.603000, 180.000000, 0.000000, 0.000000]
  0132: [-31.959641, -402.771148, 151.603000, 180.000000, 0.000000, 0.000000]
  0133: [-29.439389, -402.779039, 151.603000, 180.000000, 0.000000, 0.000000]
  0134: [-26.920576, -402.789844, 151.603000, 180.000000, 0.000000, 0.000000]
  0135: [-24.403151, -402.803459, 151.603000, 180.000000, 0.000000, 0.000000]
  0136: [-21.885725, -402.817074, 151.603000, 180.000000, 0.000000, 0.000000]
  0137: [-19.368300, -402.830688, 151.603000, 180.000000, 0.000000, 0.000000]
  0138: [-16.850874, -402.844303, 151.603000, 180.000000, 0.000000, 0.000000]
  0139: [-14.333449, -402.857918, 151.603000, 180.000000, 0.000000, 0.000000]
  0140: [-11.816023, -402.871533, 151.603000, 180.000000, 0.000000, 0.000000]
  0141: [-9.298598, -402.885147, 151.603000, 180.000000, 0.000000, 0.000000]
  0142: [-6.781172, -402.898762, 151.603000, 180.000000, 0.000000, 0.000000]
  0143: [-4.263747, -402.912377, 151.603000, 180.000000, 0.000000, 0.000000]
  0144: [-1.746321, -402.925992, 151.603000, 180.000000, 0.000000, 0.000000]
  0145: [0.771104, -402.939606, 151.603000, 180.000000, 0.000000, 0.000000]
  0146: [3.288530, -402.953221, 151.603000, 180.000000, 0.000000, 0.000000]
  0147: [5.805955, -402.966836, 151.603000, 180.000000, 0.000000, 0.000000]
  0148: [8.323381, -402.980451, 151.603000, 180.000000, 0.000000, 0.000000]
  0149: [10.840806, -402.994065, 151.603000, 180.000000, 0.000000, 0.000000]
  0150: [13.358232, -403.007680, 151.603000, 180.000000, 0.000000, 0.000000]
  0151: [15.875657, -403.021295, 151.603000, 180.000000, 0.000000, 0.000000]
  0152: [18.393083, -403.034910, 151.603000, 180.000000, 0.000000, 0.000000]
  0153: [20.910508, -403.048524, 151.603000, 180.000000, 0.000000, 0.000000]
  0154: [23.427934, -403.062139, 151.603000, 180.000000, 0.000000, 0.000000]
  0155: [25.945359, -403.075754, 151.603000, 180.000000, 0.000000, 0.000000]
  0156: [28.462785, -403.089369, 151.603000, 180.000000, 0.000000, 0.000000]
  0157: [30.980210, -403.102984, 151.603000, 180.000000, 0.000000, 0.000000]
  0158: [33.497636, -403.116598, 151.603000, 180.000000, 0.000000, 0.000000]
  0159: [36.015061, -403.130213, 151.603000, 180.000000, 0.000000, 0.000000]
  0160: [38.532487, -403.143828, 151.603000, 180.000000, 0.000000, 0.000000]
  0161: [41.049912, -403.157443, 151.603000, 180.000000, 0.000000, 0.000000]
  0162: [43.567338, -403.171057, 151.603000, 180.000000, 0.000000, 0.000000]
  0163: [46.084763, -403.184672, 151.603000, 180.000000, 0.000000, 0.000000]
  0164: [48.602189, -403.198287, 151.603000, 180.000000, 0.000000, 0.000000]
  0165: [51.119614, -403.211902, 151.603000, 180.000000, 0.000000, 0.000000]

[SAMPLED]
path 1 count=43
  0000: [51.119614, -403.211902, 151.603000, 180.000000, 0.000000, 0.000000]
  0001: [60.411262, -399.995780, 151.603000, 180.000000, 0.000000, 0.000000]
  0002: [65.872623, -391.815225, 151.603000, 180.000000, 0.000000, 13.861467]
  0003: [66.606973, -381.862724, 151.603000, 180.000000, 0.000000, 13.861467]
  0004: [66.854351, -371.865839, 151.603000, 180.000000, 0.000000, 6.425362]
  0005: [67.133632, -361.869740, 151.603000, 180.000000, 0.000000, 0.000000]
  0006: [67.412913, -351.873641, 151.603000, 180.000000, 0.000000, 0.000000]
  0007: [67.692195, -341.877541, 151.603000, 180.000000, 0.000000, 0.000000]
  0008: [67.971476, -331.881442, 151.603000, 180.000000, 0.000000, 8.349590]
  0009: [68.296778, -321.886791, 151.603000, 180.000000, 0.000000, 15.925080]
  0010: [67.320066, -312.015431, 151.603000, 180.000000, 0.000000, 18.297211]
  0011: [61.003754, -304.527199, 151.603000, 180.000000, 0.000000, 18.345125]
  0012: [51.372040, -302.484312, 151.603000, 180.000000, 0.000000, 16.842099]
  0013: [41.372062, -302.464360, 151.603000, 180.000000, 0.000000, 9.942720]
  0014: [31.372091, -302.440177, 151.603000, 180.000000, 0.000000, 0.000000]
  0015: [21.372121, -302.415948, 151.603000, 180.000000, 0.000000, 0.000000]
  0016: [11.372150, -302.391719, 151.603000, 180.000000, 0.000000, 0.000000]
  0017: [1.372179, -302.367489, 151.603000, 180.000000, 0.000000, 0.000000]
  0018: [-8.627791, -302.343260, 151.603000, 180.000000, 0.000000, 0.000000]
  0019: [-18.627762, -302.319031, 151.603000, 180.000000, 0.000000, 0.000000]
  0020: [-28.627729, -302.293449, 151.603000, 180.000000, 0.000000, 12.416008]
  0021: [-38.621988, -302.391289, 151.603000, 180.000000, 0.000000, 17.647566]
  0022: [-47.551292, -306.419940, 151.603000, 180.000000, 0.000000, 17.939908]
  0023: [-52.163412, -315.072648, 151.603000, 180.000000, 0.000000, 17.786618]
  0024: [-52.494821, -325.057609, 151.603000, 180.000000, 0.000000, 13.042083]
  0025: [-52.572842, -335.057296, 151.603000, 180.000000, 0.000000, 5.510552]
  0026: [-52.661159, -345.056906, 151.603000, 180.000000, 0.000000, 0.000000]
  0027: [-52.749476, -355.056516, 151.603000, 180.000000, 0.000000, 0.000000]
  0028: [-52.837793, -365.056126, 151.603000, 180.000000, 0.000000, 0.000000]
  0029: [-52.926244, -375.055735, 151.603000, 180.000000, 0.000000, 9.534948]
  0030: [-53.027685, -385.055210, 151.603000, 180.000000, 0.000000, 16.580467]
  0031: [-51.326473, -394.778232, 151.603000, 180.000000, 0.000000, 18.052618]
  0032: [-44.129783, -401.449742, 151.603000, 180.000000, 0.000000, 18.054273]
  0033: [-34.303730, -402.761462, 151.603000, 180.000000, 0.000000, 15.953140]
  0034: [-24.303824, -402.803996, 151.603000, 180.000000, 0.000000, 8.504284]
  0035: [-14.303970, -402.858077, 151.603000, 180.000000, 0.000000, 0.000000]
  0036: [-4.304117, -402.912159, 151.603000, 180.000000, 0.000000, 0.000000]
  0037: [5.695737, -402.966240, 151.603000, 180.000000, 0.000000, 0.000000]
  0038: [15.695591, -403.020321, 151.603000, 180.000000, 0.000000, 0.000000]
  0039: [25.695445, -403.074402, 151.603000, 180.000000, 0.000000, 0.000000]
  0040: [35.695298, -403.128484, 151.603000, 180.000000, 0.000000, 0.000000]
  0041: [45.695152, -403.182565, 151.603000, 180.000000, 0.000000, 0.000000]
  0042: [51.119614, -403.211902, 151.603000, 180.000000, 0.000000, 0.000000]

[EXECUTION]
path 1 count=57
  0000: [51.119614, -403.211902, 151.603000, 180.000000, 0.000000, 0.000000]
  0001: [58.207061, -400.758721, 151.603000, 180.000000, 0.000000, 0.000000]
  0002: [63.280457, -395.698022, 151.603000, 180.000000, 0.000000, 7.282297]
  0003: [66.080976, -388.991459, 151.603000, 180.000000, 0.000000, 13.861467]
  0004: [66.615678, -381.510946, 151.603000, 180.000000, 0.000000, 13.599801]
  0005: [66.801212, -374.013242, 151.603000, 180.000000, 0.000000, 8.022691]
  0006: [67.003820, -366.515987, 151.603000, 180.000000, 0.000000, 2.986547]
  0007: [67.213281, -359.018912, 151.603000, 180.000000, 0.000000, 0.000000]
  0008: [67.422742, -351.521837, 151.603000, 180.000000, 0.000000, 0.000000]
  0009: [67.632203, -344.024763, 151.603000, 180.000000, 0.000000, 0.000000]
  0010: [67.841664, -336.527688, 151.603000, 180.000000, 0.000000, 4.468651]
  0011: [68.064251, -329.031011, 151.603000, 180.000000, 0.000000, 10.510087]
  0012: [68.262119, -321.536505, 151.603000, 180.000000, 0.000000, 16.009256]
  0013: [67.523645, -314.072949, 151.603000, 180.000000, 0.000000, 17.802781]
  0014: [63.817457, -307.862953, 151.603000, 180.000000, 0.000000, 18.323781]
  0015: [57.935963, -303.876520, 151.603000, 180.000000, 0.000000, 17.866397]
  0016: [50.581984, -302.482736, 151.603000, 180.000000, 0.000000, 16.297008]
  0017: [43.081999, -302.467772, 151.603000, 180.000000, 0.000000, 11.122473]
  0018: [35.582019, -302.450358, 151.603000, 180.000000, 0.000000, 4.185825]
  0019: [28.082041, -302.432205, 151.603000, 180.000000, 0.000000, 0.000000]
  0020: [20.582063, -302.414034, 151.603000, 180.000000, 0.000000, 0.000000]
  0021: [13.082085, -302.395862, 151.603000, 180.000000, 0.000000, 0.000000]
  0022: [5.582107, -302.377690, 151.603000, 180.000000, 0.000000, 0.000000]
  0023: [-1.917871, -302.359518, 151.603000, 180.000000, 0.000000, 0.000000]
  0024: [-9.417849, -302.341346, 151.603000, 180.000000, 0.000000, 0.000000]
  0025: [-16.917827, -302.323174, 151.603000, 180.000000, 0.000000, 0.000000]
  0026: [-24.417803, -302.304219, 151.603000, 180.000000, 0.000000, 7.188943]
  0027: [-31.917631, -302.325656, 151.603000, 180.000000, 0.000000, 14.138128]
  0028: [-39.346941, -302.718368, 151.603000, 180.000000, 0.000000, 17.671301]
  0029: [-46.183351, -305.802763, 151.603000, 180.000000, 0.000000, 17.895122]
  0030: [-50.373215, -311.714095, 151.603000, 180.000000, 0.000000, 17.846117]
  0031: [-52.285956, -318.764740, 151.603000, 180.000000, 0.000000, 16.032254]
  0032: [-52.504212, -326.261238, 151.603000, 180.000000, 0.000000, 12.135538]
  0033: [-52.562728, -333.761010, 151.603000, 180.000000, 0.000000, 6.486885]
  0034: [-52.627631, -341.260728, 151.603000, 180.000000, 0.000000, 2.091985]
  0035: [-52.693869, -348.760436, 151.603000, 180.000000, 0.000000, 0.000000]
  0036: [-52.760107, -356.260143, 151.603000, 180.000000, 0.000000, 0.000000]
  0037: [-52.826345, -363.759851, 151.603000, 180.000000, 0.000000, 0.000000]
  0038: [-52.892665, -371.259557, 151.603000, 180.000000, 0.000000, 5.915171]
  0039: [-52.963815, -378.759218, 151.603000, 180.000000, 0.000000, 12.144381]
  0040: [-52.820231, -386.240882, 151.603000, 180.000000, 0.000000, 16.759988]
  0041: [-51.527612, -393.628652, 151.603000, 180.000000, 0.000000, 17.878562]
  0042: [-46.682144, -399.083640, 151.603000, 180.000000, 0.000000, 18.053686]
  0043: [-40.145499, -401.981621, 151.603000, 180.000000, 0.000000, 17.202302]
  0044: [-32.697336, -402.768295, 151.603000, 180.000000, 0.000000, 14.756548]
  0045: [-25.197404, -402.800195, 151.603000, 180.000000, 0.000000, 9.169905]
  0046: [-17.697508, -402.839724, 151.603000, 180.000000, 0.000000, 2.886003]
  0047: [-10.197618, -402.880285, 151.603000, 180.000000, 0.000000, 0.000000]
  0048: [-2.697728, -402.920846, 151.603000, 180.000000, 0.000000, 0.000000]
  0049: [4.802163, -402.961407, 151.603000, 180.000000, 0.000000, 0.000000]
  0050: [12.302053, -403.001968, 151.603000, 180.000000, 0.000000, 0.000000]
  0051: [19.801943, -403.042529, 151.603000, 180.000000, 0.000000, 0.000000]
  0052: [27.301834, -403.083090, 151.603000, 180.000000, 0.000000, 0.000000]
  0053: [34.801724, -403.123651, 151.603000, 180.000000, 0.000000, 0.000000]
  0054: [42.301614, -403.164212, 151.603000, 180.000000, 0.000000, 0.000000]
  0055: [49.801504, -403.204773, 151.603000, 180.000000, 0.000000, 0.000000]
  0056: [51.119614, -403.211902, 151.603000, 180.000000, 0.000000, 0.000000]
