# Trajectory point dump
# timestamp=20260507_143414

[RAW]
path 1 count=101
  0000: [48.809231, -403.305491, 151.603000, 180.000000, 0.000000, 0.000000]
  0001: [49.777754, -403.287263, 151.603000, 180.000000, 0.000000, 0.000000]
  0002: [50.744840, -403.205738, 151.603000, 180.000000, 0.000000, 54.169748]
  0003: [51.706383, -403.061228, 151.603000, 180.000000, 0.000000, 54.834735]
  0004: [52.658296, -402.854356, 151.603000, 180.000000, 0.000000, 54.769485]
  0005: [53.596551, -402.585985, 151.603000, 180.000000, 0.000000, 54.726171]
  0006: [54.517149, -402.257256, 151.603000, 180.000000, 0.000000, 54.706744]
  0007: [55.416205, -401.869555, 151.603000, 180.000000, 0.000000, 54.711026]
  0008: [56.289896, -401.424572, 151.603000, 180.000000, 0.000000, 54.424679]
  0009: [57.134522, -400.924119, 151.603000, 180.000000, 0.000000, 53.863642]
  0010: [57.946487, -400.370373, 151.603000, 180.000000, 0.000000, 53.310018]
  0011: [58.722356, -399.765633, 151.603000, 180.000000, 0.000000, 49.668356]
  0012: [59.458827, -399.112503, 151.603000, 180.000000, 0.000000, 46.032575]
  0013: [60.152765, -398.413735, 151.603000, 180.000000, 0.000000, 42.400010]
  0014: [60.801219, -397.672325, 151.603000, 180.000000, 0.000000, 38.769531]
  0015: [61.401427, -396.891359, 151.603000, 180.000000, 0.000000, 35.138946]
  0016: [61.950818, -396.074195, 151.603000, 180.000000, 0.000000, 31.506540]
  0017: [62.447039, -395.224309, 151.603000, 180.000000, 0.000000, 27.870255]
  0018: [62.887968, -394.345297, 151.603000, 180.000000, 0.000000, 24.228463]
  0019: [63.271703, -393.440936, 151.603000, 180.000000, 0.000000, 20.579217]
  0020: [63.596596, -392.514998, 151.603000, 180.000000, 0.000000, 16.920821]
  0021: [63.861212, -391.571529, 151.603000, 180.000000, 0.000000, 13.251558]
  0022: [64.064417, -390.614478, 151.603000, 180.000000, 0.000000, 9.570008]
  0023: [64.205293, -389.647974, 151.603000, 180.000000, 0.000000, 6.190144]
  0024: [64.283221, -388.676144, 151.603000, 180.000000, 0.000000, 0.000000]
  0025: [67.279545, -318.232491, 151.603000, 180.000000, 0.000000, 0.000000]
  0026: [67.282855, -317.229092, 151.603000, 180.000000, 0.000000, 55.669459]
  0027: [67.221934, -316.228794, 151.603000, 180.000000, 0.000000, 56.446402]
  0028: [67.097017, -315.235878, 151.603000, 180.000000, 0.000000, 56.915398]
  0029: [66.908636, -314.254636, 151.603000, 180.000000, 0.000000, 57.092150]
  0030: [66.657576, -313.289264, 151.603000, 180.000000, 0.000000, 57.256378]
  0031: [66.344920, -312.343923, 151.603000, 180.000000, 0.000000, 57.405451]
  0032: [65.971954, -311.422707, 151.603000, 180.000000, 0.000000, 57.535247]
  0033: [65.540293, -310.529541, 151.603000, 180.000000, 0.000000, 57.216789]
  0034: [65.051756, -309.668342, 151.603000, 180.000000, 0.000000, 56.435942]
  0035: [64.508417, -308.842794, 151.603000, 180.000000, 0.000000, 55.626246]
  0036: [63.912599, -308.056425, 151.603000, 180.000000, 0.000000, 51.825743]
  0037: [63.266848, -307.312713, 151.603000, 180.000000, 0.000000, 48.011447]
  0038: [62.573896, -306.614825, 151.603000, 180.000000, 0.000000, 44.183623]
  0039: [61.836741, -305.965773, 151.603000, 180.000000, 0.000000, 40.343449]
  0040: [61.058502, -305.368398, 151.603000, 180.000000, 0.000000, 36.492758]
  0041: [60.242539, -304.825277, 151.603000, 180.000000, 0.000000, 32.633103]
  0042: [59.392316, -304.338755, 151.603000, 180.000000, 0.000000, 28.765739]
  0043: [58.511507, -303.910962, 151.603000, 180.000000, 0.000000, 24.894084]
  0044: [57.603871, -303.543764, 151.603000, 180.000000, 0.000000, 21.019362]
  0045: [56.673331, -303.238691, 151.603000, 180.000000, 0.000000, 17.143941]
  0046: [55.723863, -302.997117, 151.603000, 180.000000, 0.000000, 13.270151]
  0047: [54.759565, -302.820095, 151.603000, 180.000000, 0.000000, 9.400834]
  0048: [53.784570, -302.708387, 151.603000, 180.000000, 0.000000, 5.964608]
  0049: [52.803086, -302.662445, 151.603000, 180.000000, 0.000000, 0.000000]
  0050: [-37.900465, -301.126130, 151.603000, 180.000000, 0.000000, 0.000000]
  0051: [-38.894823, -301.137769, 151.603000, 180.000000, 0.000000, 55.384508]
  0052: [-39.886319, -301.215369, 151.603000, 180.000000, 0.000000, 56.163188]
  0053: [-40.870637, -301.358647, 151.603000, 180.000000, 0.000000, 56.517949]
  0054: [-41.843533, -301.566936, 151.603000, 180.000000, 0.000000, 56.436199]
  0055: [-42.800822, -301.839341, 151.603000, 180.000000, 0.000000, 56.352448]
  0056: [-43.738392, -302.174708, 151.603000, 180.000000, 0.000000, 52.556497]
  0057: [-44.652184, -302.571558, 151.603000, 180.000000, 0.000000, 52.475713]
  0058: [-45.538253, -303.028141, 151.603000, 180.000000, 0.000000, 52.397219]
  0059: [-46.392843, -303.542565, 151.603000, 180.000000, 0.000000, 51.898093]
  0060: [-47.212212, -304.112512, 151.603000, 180.000000, 0.000000, 51.005621]
  0061: [-47.992879, -304.735555, 151.603000, 180.000000, 0.000000, 50.138170]
  0062: [-48.731487, -305.408977, 151.603000, 180.000000, 0.000000, 46.374483]
  0063: [-49.424849, -306.129860, 151.603000, 180.000000, 0.000000, 42.617076]
  0064: [-50.070042, -306.895088, 151.603000, 180.000000, 0.000000, 38.866699]
  0065: [-50.664265, -307.701344, 151.603000, 180.000000, 0.000000, 35.122494]
  0066: [-51.205030, -308.545127, 151.603000, 180.000000, 0.000000, 31.384779]
  0067: [-51.689991, -309.422830, 151.603000, 180.000000, 0.000000, 27.653285]
  0068: [-52.117095, -310.330613, 151.603000, 180.000000, 0.000000, 23.927612]
  0069: [-52.484568, -311.264545, 151.603000, 180.000000, 0.000000, 20.207090]
  0070: [-52.790843, -312.220636, 151.603000, 180.000000, 0.000000, 16.490914]
  0071: [-53.034661, -313.194737, 151.603000, 180.000000, 0.000000, 12.779319]
  0072: [-53.214938, -314.182691, 151.603000, 180.000000, 0.000000, 9.070212]
  0073: [-53.331033, -315.180182, 151.603000, 180.000000, 0.000000, 5.787124]
  0074: [-53.382403, -316.182959, 151.603000, 180.000000, 0.000000, 0.000000]
  0075: [-55.033523, -386.403218, 151.603000, 180.000000, 0.000000, 0.000000]
  0076: [-55.027320, -387.370949, 151.603000, 180.000000, 0.000000, 55.350754]
  0077: [-54.956889, -388.335871, 151.603000, 180.000000, 0.000000, 56.131714]
  0078: [-54.822608, -389.293853, 151.603000, 180.000000, 0.000000, 56.463579]
  0079: [-54.625042, -390.240824, 151.603000, 180.000000, 0.000000, 56.374653]
  0080: [-54.365080, -391.172770, 151.603000, 180.000000, 0.000000, 56.284306]
  0081: [-54.043871, -392.085731, 151.603000, 180.000000, 0.000000, 56.193825]
  0082: [-53.662793, -392.975839, 151.603000, 180.000000, 0.000000, 56.105736]
  0083: [-53.223506, -393.839275, 151.603000, 180.000000, 0.000000, 55.719626]
  0084: [-52.727941, -394.672434, 151.603000, 180.000000, 0.000000, 54.598223]
  0085: [-52.178200, -395.471731, 151.603000, 180.000000, 0.000000, 52.743336]
  0086: [-51.576672, -396.233790, 151.603000, 180.000000, 0.000000, 48.977401]
  0087: [-50.925953, -396.955382, 151.603000, 180.000000, 0.000000, 45.218474]
  0088: [-50.228827, -397.633424, 151.603000, 180.000000, 0.000000, 41.467189]
  0089: [-49.488280, -398.265041, 151.603000, 180.000000, 0.000000, 37.723474]
  0090: [-48.707492, -398.847534, 151.603000, 180.000000, 0.000000, 33.986531]
  0091: [-47.889827, -399.378447, 151.603000, 180.000000, 0.000000, 30.255933]
  0092: [-47.038745, -399.855499, 151.603000, 180.000000, 0.000000, 26.531558]
  0093: [-46.157899, -400.276622, 151.603000, 180.000000, 0.000000, 22.813048]
  0094: [-45.251068, -400.640047, 151.603000, 180.000000, 0.000000, 19.098726]
  0095: [-44.322092, -400.944251, 151.603000, 180.000000, 0.000000, 15.388605]
  0096: [-43.374960, -401.187859, 151.603000, 180.000000, 0.000000, 11.681843]
  0097: [-42.413671, -401.369863, 151.603000, 180.000000, 0.000000, 7.977975]
  0098: [-41.442353, -401.489438, 151.603000, 180.000000, 0.000000, 0.000000]
  0099: [-40.465108, -401.546125, 151.603000, 180.000000, 0.000000, 0.000000]
  0100: [48.809231, -403.305491, 151.603000, 180.000000, 0.000000, 0.000000]

[PREPARED]
path 1 count=61
  0000: [48.809231, -403.305491, 151.603000, 180.000000, 0.000000, 0.000000]
  0001: [51.706383, -403.061228, 151.603000, 180.000000, 0.000000, 0.000000]
  0002: [54.517149, -402.257256, 151.603000, 180.000000, 0.000000, 51.591862]
  0003: [57.134522, -400.924119, 151.603000, 180.000000, 0.000000, 50.537700]
  0004: [59.458827, -399.112503, 151.603000, 180.000000, 0.000000, 45.126000]
  0005: [61.401427, -396.891359, 151.603000, 180.000000, 0.000000, 34.185386]
  0006: [62.887968, -394.345297, 151.603000, 180.000000, 0.000000, 23.242237]
  0007: [63.861212, -391.571529, 151.603000, 180.000000, 0.000000, 13.316089]
  0008: [64.283221, -388.676144, 151.603000, 180.000000, 0.000000, 8.948467]
  0009: [64.782608, -376.935535, 151.603000, 180.000000, 0.000000, 0.000000]
  0010: [65.281995, -365.194926, 151.603000, 180.000000, 0.000000, 0.000000]
  0011: [65.781383, -353.454317, 151.603000, 180.000000, 0.000000, 0.000000]
  0012: [66.280770, -341.713708, 151.603000, 180.000000, 0.000000, 0.000000]
  0013: [66.780158, -329.973099, 151.603000, 180.000000, 0.000000, 0.000000]
  0014: [67.279545, -318.232491, 151.603000, 180.000000, 0.000000, 13.563721]
  0015: [67.097017, -315.235878, 151.603000, 180.000000, 0.000000, 52.467327]
  0016: [66.344920, -312.343923, 151.603000, 180.000000, 0.000000, 54.925354]
  0017: [65.051756, -309.668342, 151.603000, 180.000000, 0.000000, 52.788937]
  0018: [63.266848, -307.312713, 151.603000, 180.000000, 0.000000, 47.203582]
  0019: [61.058502, -305.368398, 151.603000, 180.000000, 0.000000, 35.749159]
  0020: [58.511507, -303.910962, 151.603000, 180.000000, 0.000000, 24.215573]
  0021: [55.723863, -302.997117, 151.603000, 180.000000, 0.000000, 13.840035]
  0022: [52.803086, -302.662445, 151.603000, 180.000000, 0.000000, 9.197678]
  0023: [41.465142, -302.470406, 151.603000, 180.000000, 0.000000, 0.000000]
  0024: [30.127199, -302.278367, 151.603000, 180.000000, 0.000000, 0.000000]
  0025: [18.789255, -302.086327, 151.603000, 180.000000, 0.000000, 0.000000]
  0026: [7.451311, -301.894288, 151.603000, 180.000000, 0.000000, 0.000000]
  0027: [-3.886633, -301.702248, 151.603000, 180.000000, 0.000000, 0.000000]
  0028: [-15.224577, -301.510209, 151.603000, 180.000000, 0.000000, 0.000000]
  0029: [-26.562521, -301.318169, 151.603000, 180.000000, 0.000000, 0.000000]
  0030: [-37.900465, -301.126130, 151.603000, 180.000000, 0.000000, 13.559118]
  0031: [-40.870637, -301.358647, 151.603000, 180.000000, 0.000000, 51.890011]
  0032: [-43.738392, -302.174708, 151.603000, 180.000000, 0.000000, 53.989549]
  0033: [-46.392843, -303.542565, 151.603000, 180.000000, 0.000000, 51.580267]
  0034: [-48.731487, -305.408977, 151.603000, 180.000000, 0.000000, 40.260172]
  0035: [-50.664265, -307.701344, 151.603000, 180.000000, 0.000000, 34.505062]
  0036: [-52.117095, -310.330613, 151.603000, 180.000000, 0.000000, 23.285074]
  0037: [-53.034661, -313.194737, 151.603000, 180.000000, 0.000000, 13.272965]
  0038: [-53.382403, -316.182959, 151.603000, 180.000000, 0.000000, 8.798603]
  0039: [-53.657589, -327.886336, 151.603000, 180.000000, 0.000000, 0.000000]
  0040: [-53.932776, -339.589712, 151.603000, 180.000000, 0.000000, 0.000000]
  0041: [-54.207963, -351.293089, 151.603000, 180.000000, 0.000000, 0.000000]
  0042: [-54.483149, -362.996465, 151.603000, 180.000000, 0.000000, 0.000000]
  0043: [-54.758336, -374.699842, 151.603000, 180.000000, 0.000000, 0.000000]
  0044: [-55.033523, -386.403218, 151.603000, 180.000000, 0.000000, 13.588522]
  0045: [-54.822608, -389.293853, 151.603000, 180.000000, 0.000000, 51.874918]
  0046: [-54.043871, -392.085731, 151.603000, 180.000000, 0.000000, 54.065761]
  0047: [-52.727941, -394.672434, 151.603000, 180.000000, 0.000000, 51.755070]
  0048: [-50.925953, -396.955382, 151.603000, 180.000000, 0.000000, 46.072432]
  0049: [-48.707492, -398.847534, 151.603000, 180.000000, 0.000000, 34.815576]
  0050: [-46.157899, -400.276622, 151.603000, 180.000000, 0.000000, 23.612132]
  0051: [-43.374960, -401.187859, 151.603000, 180.000000, 0.000000, 13.494914]
  0052: [-40.465108, -401.546125, 151.603000, 180.000000, 0.000000, 9.028735]
  0053: [-29.305816, -401.766046, 151.603000, 180.000000, 0.000000, 0.000000]
  0054: [-18.146523, -401.985966, 151.603000, 180.000000, 0.000000, 0.000000]
  0055: [-6.987231, -402.205887, 151.603000, 180.000000, 0.000000, 0.000000]
  0056: [4.172062, -402.425808, 151.603000, 180.000000, 0.000000, 0.000000]
  0057: [15.331354, -402.645729, 151.603000, 180.000000, 0.000000, 0.000000]
  0058: [26.490647, -402.865650, 151.603000, 180.000000, 0.000000, 0.000000]
  0059: [37.649939, -403.085571, 151.603000, 180.000000, 0.000000, 0.000000]
  0060: [48.809231, -403.305491, 151.603000, 180.000000, 0.000000, 0.000000]

[CURVE]
path 1 count=166
  0000: [48.809231, -403.305491, 151.603000, 180.000000, 0.000000, 0.000000]
  0001: [51.322510, -403.111008, 151.603000, 180.000000, 0.000000, 0.000000]
  0002: [53.767469, -402.528524, 151.603000, 180.000000, 0.000000, 45.059991]
  0003: [56.080287, -401.539210, 151.603000, 180.000000, 0.000000, 46.293461]
  0004: [58.199269, -400.184628, 151.603000, 180.000000, 0.000000, 44.117796]
  0005: [60.070011, -398.503019, 151.603000, 180.000000, 0.000000, 40.191209]
  0006: [61.645364, -396.539821, 151.603000, 180.000000, 0.000000, 34.591423]
  0007: [62.887528, -394.346290, 151.603000, 180.000000, 0.000000, 26.697675]
  0008: [63.764729, -391.981249, 151.603000, 180.000000, 0.000000, 18.342150]
  0009: [64.202592, -389.507351, 151.603000, 180.000000, 0.000000, 11.223323]
  0010: [64.393223, -387.002926, 151.603000, 180.000000, 0.000000, 5.662831]
  0011: [64.515735, -384.491914, 151.603000, 180.000000, 0.000000, 0.000000]
  0012: [64.607040, -381.975145, 151.603000, 180.000000, 0.000000, 0.000000]
  0013: [64.688732, -379.456603, 151.603000, 180.000000, 0.000000, 0.000000]
  0014: [64.782407, -376.940272, 151.603000, 180.000000, 0.000000, 0.000000]
  0015: [64.889335, -374.426385, 151.603000, 180.000000, 0.000000, 0.000000]
  0016: [64.996263, -371.912498, 151.603000, 180.000000, 0.000000, 0.000000]
  0017: [65.103191, -369.398611, 151.603000, 180.000000, 0.000000, 0.000000]
  0018: [65.210120, -366.884725, 151.603000, 180.000000, 0.000000, 0.000000]
  0019: [65.317048, -364.370838, 151.603000, 180.000000, 0.000000, 0.000000]
  0020: [65.423976, -361.856951, 151.603000, 180.000000, 0.000000, 0.000000]
  0021: [65.530905, -359.343064, 151.603000, 180.000000, 0.000000, 0.000000]
  0022: [65.637833, -356.829178, 151.603000, 180.000000, 0.000000, 0.000000]
  0023: [65.744761, -354.315291, 151.603000, 180.000000, 0.000000, 0.000000]
  0024: [65.851690, -351.801404, 151.603000, 180.000000, 0.000000, 0.000000]
  0025: [65.958618, -349.287517, 151.603000, 180.000000, 0.000000, 0.000000]
  0026: [66.065546, -346.773631, 151.603000, 180.000000, 0.000000, 0.000000]
  0027: [66.172474, -344.259744, 151.603000, 180.000000, 0.000000, 0.000000]
  0028: [66.279403, -341.745857, 151.603000, 180.000000, 0.000000, 0.000000]
  0029: [66.386331, -339.231970, 151.603000, 180.000000, 0.000000, 0.000000]
  0030: [66.493259, -336.718084, 151.603000, 180.000000, 0.000000, 0.000000]
  0031: [66.600188, -334.204197, 151.603000, 180.000000, 0.000000, 0.000000]
  0032: [66.707116, -331.690310, 151.603000, 180.000000, 0.000000, 0.000000]
  0033: [66.816188, -329.176395, 151.603000, 180.000000, 0.000000, 7.250128]
  0034: [66.949483, -326.662156, 151.603000, 180.000000, 0.000000, 13.354082]
  0035: [67.089833, -324.147824, 151.603000, 180.000000, 0.000000, 20.904150]
  0036: [67.207824, -321.633789, 151.603000, 180.000000, 0.000000, 29.257763]
  0037: [67.274043, -319.120446, 151.603000, 180.000000, 0.000000, 37.058558]
  0038: [67.216402, -316.602173, 151.603000, 180.000000, 0.000000, 42.491507]
  0039: [66.894988, -314.115718, 151.603000, 180.000000, 0.000000, 46.420003]
  0040: [66.108726, -311.722166, 151.603000, 180.000000, 0.000000, 48.359709]
  0041: [64.941802, -309.488260, 151.603000, 180.000000, 0.000000, 47.589720]
  0042: [63.417442, -307.477625, 151.603000, 180.000000, 0.000000, 44.177974]
  0043: [61.578539, -305.755295, 151.603000, 180.000000, 0.000000, 38.991754]
  0044: [59.473119, -304.375963, 151.603000, 180.000000, 0.000000, 31.365774]
  0045: [57.161297, -303.381747, 151.603000, 180.000000, 0.000000, 22.391079]
  0046: [54.712430, -302.838486, 151.603000, 180.000000, 0.000000, 14.136567]
  0047: [52.200638, -302.642691, 151.603000, 180.000000, 0.000000, 7.650303]
  0048: [49.689022, -302.580805, 151.603000, 180.000000, 0.000000, 0.000000]
  0049: [47.172408, -302.541947, 151.603000, 180.000000, 0.000000, 0.000000]
  0050: [44.653629, -302.513064, 151.603000, 180.000000, 0.000000, 0.000000]
  0051: [42.135519, -302.481104, 151.603000, 180.000000, 0.000000, 0.000000]
  0052: [39.619578, -302.439146, 151.603000, 180.000000, 0.000000, 0.000000]
  0053: [37.103779, -302.396534, 151.603000, 180.000000, 0.000000, 0.000000]
  0054: [34.587980, -302.353922, 151.603000, 180.000000, 0.000000, 0.000000]
  0055: [32.072181, -302.311310, 151.603000, 180.000000, 0.000000, 0.000000]
  0056: [29.556382, -302.268698, 151.603000, 180.000000, 0.000000, 0.000000]
  0057: [27.040583, -302.226086, 151.603000, 180.000000, 0.000000, 0.000000]
  0058: [24.524784, -302.183474, 151.603000, 180.000000, 0.000000, 0.000000]
  0059: [22.008985, -302.140862, 151.603000, 180.000000, 0.000000, 0.000000]
  0060: [19.493186, -302.098250, 151.603000, 180.000000, 0.000000, 0.000000]
  0061: [16.977387, -302.055638, 151.603000, 180.000000, 0.000000, 0.000000]
  0062: [14.461588, -302.013026, 151.603000, 180.000000, 0.000000, 0.000000]
  0063: [11.945789, -301.970414, 151.603000, 180.000000, 0.000000, 0.000000]
  0064: [9.429990, -301.927802, 151.603000, 180.000000, 0.000000, 0.000000]
  0065: [6.914191, -301.885190, 151.603000, 180.000000, 0.000000, 0.000000]
  0066: [4.398392, -301.842578, 151.603000, 180.000000, 0.000000, 0.000000]
  0067: [1.882593, -301.799966, 151.603000, 180.000000, 0.000000, 0.000000]
  0068: [-0.633206, -301.757354, 151.603000, 180.000000, 0.000000, 0.000000]
  0069: [-3.149005, -301.714742, 151.603000, 180.000000, 0.000000, 0.000000]
  0070: [-5.664804, -301.672130, 151.603000, 180.000000, 0.000000, 0.000000]
  0071: [-8.180603, -301.629518, 151.603000, 180.000000, 0.000000, 0.000000]
  0072: [-10.696402, -301.586906, 151.603000, 180.000000, 0.000000, 0.000000]
  0073: [-13.212201, -301.544294, 151.603000, 180.000000, 0.000000, 0.000000]
  0074: [-15.728000, -301.501682, 151.603000, 180.000000, 0.000000, 0.000000]
  0075: [-18.243799, -301.459070, 151.603000, 180.000000, 0.000000, 0.000000]
  0076: [-20.759598, -301.416458, 151.603000, 180.000000, 0.000000, 0.000000]
  0077: [-23.275397, -301.373846, 151.603000, 180.000000, 0.000000, 0.000000]
  0078: [-25.791195, -301.331234, 151.603000, 180.000000, 0.000000, 0.000000]
  0079: [-28.307389, -301.284775, 151.603000, 180.000000, 0.000000, 9.870652]
  0080: [-30.824531, -301.229084, 151.603000, 180.000000, 0.000000, 16.852427]
  0081: [-33.341425, -301.175799, 151.603000, 180.000000, 0.000000, 25.427542]
  0082: [-35.856780, -301.137509, 151.603000, 180.000000, 0.000000, 33.795123]
  0083: [-38.370330, -301.134073, 151.603000, 180.000000, 0.000000, 39.992188]
  0084: [-40.877190, -301.359463, 151.603000, 180.000000, 0.000000, 44.240620]
  0085: [-43.310627, -302.017413, 151.603000, 180.000000, 0.000000, 46.779379]
  0086: [-45.599397, -303.063241, 151.603000, 180.000000, 0.000000, 46.725338]
  0087: [-47.680815, -304.474322, 151.603000, 180.000000, 0.000000, 44.166293]
  0088: [-49.499031, -306.211197, 151.603000, 180.000000, 0.000000, 39.967226]
  0089: [-51.007108, -308.224954, 151.603000, 180.000000, 0.000000, 34.060424]
  0090: [-52.169971, -310.459973, 151.603000, 180.000000, 0.000000, 25.924311]
  0091: [-52.967928, -312.854529, 151.603000, 180.000000, 0.000000, 17.518095]
  0092: [-53.324748, -315.341734, 151.603000, 180.000000, 0.000000, 10.519283]
  0093: [-53.448091, -317.851719, 151.603000, 180.000000, 0.000000, 5.192515]
  0094: [-53.517905, -320.365263, 151.603000, 180.000000, 0.000000, 0.000000]
  0095: [-53.566258, -322.882671, 151.603000, 180.000000, 0.000000, 0.000000]
  0096: [-53.608091, -325.401252, 151.603000, 180.000000, 0.000000, 0.000000]
  0097: [-53.658341, -327.918318, 151.603000, 180.000000, 0.000000, 0.000000]
  0098: [-53.717489, -330.433783, 151.603000, 180.000000, 0.000000, 0.000000]
  0099: [-53.776636, -332.949247, 151.603000, 180.000000, 0.000000, 0.000000]
  0100: [-53.835783, -335.464712, 151.603000, 180.000000, 0.000000, 0.000000]
  0101: [-53.894930, -337.980176, 151.603000, 180.000000, 0.000000, 0.000000]
  0102: [-53.954078, -340.495641, 151.603000, 180.000000, 0.000000, 0.000000]
  0103: [-54.013225, -343.011105, 151.603000, 180.000000, 0.000000, 0.000000]
  0104: [-54.072372, -345.526570, 151.603000, 180.000000, 0.000000, 0.000000]
  0105: [-54.131519, -348.042034, 151.603000, 180.000000, 0.000000, 0.000000]
  0106: [-54.190667, -350.557499, 151.603000, 180.000000, 0.000000, 0.000000]
  0107: [-54.249814, -353.072964, 151.603000, 180.000000, 0.000000, 0.000000]
  0108: [-54.308961, -355.588428, 151.603000, 180.000000, 0.000000, 0.000000]
  0109: [-54.368108, -358.103893, 151.603000, 180.000000, 0.000000, 0.000000]
  0110: [-54.427255, -360.619357, 151.603000, 180.000000, 0.000000, 0.000000]
  0111: [-54.486403, -363.134822, 151.603000, 180.000000, 0.000000, 0.000000]
  0112: [-54.545550, -365.650286, 151.603000, 180.000000, 0.000000, 0.000000]
  0113: [-54.604697, -368.165751, 151.603000, 180.000000, 0.000000, 0.000000]
  0114: [-54.663844, -370.681215, 151.603000, 180.000000, 0.000000, 0.000000]
  0115: [-54.722992, -373.196680, 151.603000, 180.000000, 0.000000, 0.000000]
  0116: [-54.784020, -375.712259, 151.603000, 180.000000, 0.000000, 7.685397]
  0117: [-54.858753, -378.228670, 151.603000, 180.000000, 0.000000, 14.119426]
  0118: [-54.935919, -380.745229, 151.603000, 180.000000, 0.000000, 22.234458]
  0119: [-54.999125, -383.260939, 151.603000, 180.000000, 0.000000, 31.053912]
  0120: [-55.031975, -385.774807, 151.603000, 180.000000, 0.000000, 38.666166]
  0121: [-54.930843, -388.292644, 151.603000, 180.000000, 0.000000, 43.814389]
  0122: [-54.497809, -390.763005, 151.603000, 180.000000, 0.000000, 47.195588]
  0123: [-53.602641, -393.115693, 151.603000, 180.000000, 0.000000, 48.189121]
  0124: [-52.319990, -395.281199, 151.603000, 180.000000, 0.000000, 46.326687]
  0125: [-50.686918, -397.198369, 151.603000, 180.000000, 0.000000, 42.270764]
  0126: [-48.752665, -398.816389, 151.603000, 180.000000, 0.000000, 36.620138]
  0127: [-46.577020, -400.090419, 151.603000, 180.000000, 0.000000, 28.709321]
  0128: [-44.222283, -400.986790, 151.603000, 180.000000, 0.000000, 19.942105]
  0129: [-41.753550, -401.438882, 151.603000, 180.000000, 0.000000, 12.308886]
  0130: [-39.243514, -401.589503, 151.603000, 180.000000, 0.000000, 6.383537]
  0131: [-36.730826, -401.652572, 151.603000, 180.000000, 0.000000, 0.000000]
  0132: [-34.213205, -401.693330, 151.603000, 180.000000, 0.000000, 0.000000]
  0133: [-31.694006, -401.726954, 151.603000, 180.000000, 0.000000, 0.000000]
  0134: [-29.176580, -401.768593, 151.603000, 180.000000, 0.000000, 0.000000]
  0135: [-26.660909, -401.818170, 151.603000, 180.000000, 0.000000, 0.000000]
  0136: [-24.145237, -401.867747, 151.603000, 180.000000, 0.000000, 0.000000]
  0137: [-21.629566, -401.917325, 151.603000, 180.000000, 0.000000, 0.000000]
  0138: [-19.113895, -401.966902, 151.603000, 180.000000, 0.000000, 0.000000]
  0139: [-16.598223, -402.016479, 151.603000, 180.000000, 0.000000, 0.000000]
  0140: [-14.082552, -402.066057, 151.603000, 180.000000, 0.000000, 0.000000]
  0141: [-11.566881, -402.115634, 151.603000, 180.000000, 0.000000, 0.000000]
  0142: [-9.051209, -402.165212, 151.603000, 180.000000, 0.000000, 0.000000]
  0143: [-6.535538, -402.214789, 151.603000, 180.000000, 0.000000, 0.000000]
  0144: [-4.019867, -402.264366, 151.603000, 180.000000, 0.000000, 0.000000]
  0145: [-1.504195, -402.313944, 151.603000, 180.000000, 0.000000, 0.000000]
  0146: [1.011476, -402.363521, 151.603000, 180.000000, 0.000000, 0.000000]
  0147: [3.527147, -402.413098, 151.603000, 180.000000, 0.000000, 0.000000]
  0148: [6.042819, -402.462676, 151.603000, 180.000000, 0.000000, 0.000000]
  0149: [8.558490, -402.512253, 151.603000, 180.000000, 0.000000, 0.000000]
  0150: [11.074161, -402.561831, 151.603000, 180.000000, 0.000000, 0.000000]
  0151: [13.589833, -402.611408, 151.603000, 180.000000, 0.000000, 0.000000]
  0152: [16.105504, -402.660985, 151.603000, 180.000000, 0.000000, 0.000000]
  0153: [18.621175, -402.710563, 151.603000, 180.000000, 0.000000, 0.000000]
  0154: [21.136847, -402.760140, 151.603000, 180.000000, 0.000000, 0.000000]
  0155: [23.652518, -402.809718, 151.603000, 180.000000, 0.000000, 0.000000]
  0156: [26.168189, -402.859295, 151.603000, 180.000000, 0.000000, 0.000000]
  0157: [28.683861, -402.908872, 151.603000, 180.000000, 0.000000, 0.000000]
  0158: [31.199532, -402.958450, 151.603000, 180.000000, 0.000000, 0.000000]
  0159: [33.715203, -403.008027, 151.603000, 180.000000, 0.000000, 0.000000]
  0160: [36.230875, -403.057604, 151.603000, 180.000000, 0.000000, 0.000000]
  0161: [38.746546, -403.107182, 151.603000, 180.000000, 0.000000, 0.000000]
  0162: [41.262217, -403.156759, 151.603000, 180.000000, 0.000000, 0.000000]
  0163: [43.777889, -403.206337, 151.603000, 180.000000, 0.000000, 0.000000]
  0164: [46.293560, -403.255914, 151.603000, 180.000000, 0.000000, 0.000000]
  0165: [48.809231, -403.305491, 151.603000, 180.000000, 0.000000, 0.000000]

[SAMPLED]
path 1 count=43
  0000: [48.809231, -403.305491, 151.603000, 180.000000, 0.000000, 0.000000]
  0001: [58.144794, -400.219452, 151.603000, 180.000000, 0.000000, 0.000000]
  0002: [63.715861, -392.113003, 151.603000, 180.000000, 0.000000, 13.854430]
  0003: [64.599899, -382.171982, 151.603000, 180.000000, 0.000000, 13.854430]
  0004: [64.984907, -372.179483, 151.603000, 180.000000, 0.000000, 6.412551]
  0005: [65.409873, -362.188517, 151.603000, 180.000000, 0.000000, 0.000000]
  0006: [65.834839, -352.197551, 151.603000, 180.000000, 0.000000, 0.000000]
  0007: [66.259806, -342.206585, 151.603000, 180.000000, 0.000000, 0.000000]
  0008: [66.684772, -332.215619, 151.603000, 180.000000, 0.000000, 8.377103]
  0009: [67.179935, -322.228017, 151.603000, 180.000000, 0.000000, 15.932283]
  0010: [66.313003, -312.344031, 151.603000, 180.000000, 0.000000, 18.318917]
  0011: [60.087574, -304.778513, 151.603000, 180.000000, 0.000000, 18.373839]
  0012: [50.480092, -302.600297, 151.603000, 180.000000, 0.000000, 16.803400]
  0013: [40.481231, -302.453516, 151.603000, 180.000000, 0.000000, 9.915946]
  0014: [30.482661, -302.284387, 151.603000, 180.000000, 0.000000, 0.000000]
  0015: [20.484095, -302.115034, 151.603000, 180.000000, 0.000000, 0.000000]
  0016: [10.485529, -301.945680, 151.603000, 180.000000, 0.000000, 0.000000]
  0017: [0.486963, -301.776327, 151.603000, 180.000000, 0.000000, 0.000000]
  0018: [-9.511603, -301.606974, 151.603000, 180.000000, 0.000000, 0.000000]
  0019: [-19.510168, -301.437620, 151.603000, 180.000000, 0.000000, 0.000000]
  0020: [-29.508545, -301.258200, 151.603000, 180.000000, 0.000000, 12.522836]
  0021: [-39.502797, -301.235892, 151.603000, 180.000000, 0.000000, 17.651762]
  0022: [-48.453232, -305.212185, 151.603000, 180.000000, 0.000000, 17.958968]
  0023: [-53.109144, -313.838872, 151.603000, 180.000000, 0.000000, 17.756182]
  0024: [-53.581808, -323.818894, 151.603000, 180.000000, 0.000000, 12.939903]
  0025: [-53.797029, -333.816544, 151.603000, 180.000000, 0.000000, 5.401844]
  0026: [-54.032098, -343.813781, 151.603000, 180.000000, 0.000000, 0.000000]
  0027: [-54.267168, -353.811017, 151.603000, 180.000000, 0.000000, 0.000000]
  0028: [-54.502237, -363.808254, 151.603000, 180.000000, 0.000000, 0.000000]
  0029: [-54.737761, -373.805480, 151.603000, 180.000000, 0.000000, 9.644054]
  0030: [-55.006192, -383.801787, 151.603000, 180.000000, 0.000000, 16.618123]
  0031: [-53.357165, -393.530132, 151.603000, 180.000000, 0.000000, 18.080361]
  0032: [-46.200016, -400.233932, 151.603000, 180.000000, 0.000000, 18.081838]
  0033: [-36.384870, -401.658173, 151.603000, 180.000000, 0.000000, 15.850075]
  0034: [-26.386265, -401.823582, 151.603000, 180.000000, 0.000000, 8.399539]
  0035: [-16.388206, -402.020618, 151.603000, 180.000000, 0.000000, 0.000000]
  0036: [-6.390147, -402.217654, 151.603000, 180.000000, 0.000000, 0.000000]
  0037: [3.607911, -402.414690, 151.603000, 180.000000, 0.000000, 0.000000]
  0038: [13.605970, -402.611726, 151.603000, 180.000000, 0.000000, 0.000000]
  0039: [23.604029, -402.808762, 151.603000, 180.000000, 0.000000, 0.000000]
  0040: [33.602087, -403.005798, 151.603000, 180.000000, 0.000000, 0.000000]
  0041: [43.600146, -403.202834, 151.603000, 180.000000, 0.000000, 0.000000]
  0042: [48.809231, -403.305491, 151.603000, 180.000000, 0.000000, 0.000000]

[EXECUTION]
path 1 count=57
  0000: [48.809231, -403.305491, 151.603000, 180.000000, 0.000000, 0.000000]
  0001: [55.930241, -400.951512, 151.603000, 180.000000, 0.000000, 0.000000]
  0002: [61.071625, -395.960625, 151.603000, 180.000000, 0.000000, 7.278602]
  0003: [63.966659, -389.292770, 151.603000, 180.000000, 0.000000, 13.854430]
  0004: [64.613417, -381.821132, 151.603000, 180.000000, 0.000000, 13.593135]
  0005: [64.902176, -374.326693, 151.603000, 180.000000, 0.000000, 8.011677]
  0006: [65.212315, -366.833120, 151.603000, 180.000000, 0.000000, 2.981068]
  0007: [65.531039, -359.339895, 151.603000, 180.000000, 0.000000, 0.000000]
  0008: [65.849764, -351.846671, 151.603000, 180.000000, 0.000000, 0.000000]
  0009: [66.168489, -344.353446, 151.603000, 180.000000, 0.000000, 0.000000]
  0010: [66.487213, -336.860222, 151.603000, 180.000000, 0.000000, 4.482753]
  0011: [66.825955, -329.367919, 151.603000, 180.000000, 0.000000, 10.531262]
  0012: [67.149238, -321.878032, 151.603000, 180.000000, 0.000000, 16.016792]
  0013: [66.493923, -314.406716, 151.603000, 180.000000, 0.000000, 17.820851]
  0014: [62.863147, -308.151558, 151.603000, 180.000000, 0.000000, 18.349352]
  0015: [57.033296, -304.086045, 151.603000, 180.000000, 0.000000, 17.874587]
  0016: [49.699695, -302.588840, 151.603000, 180.000000, 0.000000, 16.265844]
  0017: [42.200503, -302.478754, 151.603000, 180.000000, 0.000000, 11.100221]
  0018: [34.701515, -302.355750, 151.603000, 180.000000, 0.000000, 4.183991]
  0019: [27.202589, -302.228830, 151.603000, 180.000000, 0.000000, 0.000000]
  0020: [19.703664, -302.101815, 151.603000, 180.000000, 0.000000, 0.000000]
  0021: [12.204740, -301.974800, 151.603000, 180.000000, 0.000000, 0.000000]
  0022: [4.705816, -301.847785, 151.603000, 180.000000, 0.000000, 0.000000]
  0023: [-2.793109, -301.720770, 151.603000, 180.000000, 0.000000, 0.000000]
  0024: [-10.292033, -301.593755, 151.603000, 180.000000, 0.000000, 0.000000]
  0025: [-17.790958, -301.466740, 151.603000, 180.000000, 0.000000, 0.000000]
  0026: [-25.289780, -301.333905, 151.603000, 180.000000, 0.000000, 7.238889]
  0027: [-32.789093, -301.250877, 151.603000, 180.000000, 0.000000, 14.206372]
  0028: [-40.221358, -301.555118, 151.603000, 180.000000, 0.000000, 17.676425]
  0029: [-47.075422, -304.600083, 151.603000, 180.000000, 0.000000, 17.911677]
  0030: [-51.299304, -310.485518, 151.603000, 180.000000, 0.000000, 17.835009]
  0031: [-53.283683, -317.524163, 151.603000, 180.000000, 0.000000, 15.977690]
  0032: [-53.607596, -325.016830, 151.603000, 180.000000, 0.000000, 12.036679]
  0033: [-53.769013, -332.515093, 151.603000, 180.000000, 0.000000, 6.383116]
  0034: [-53.942731, -340.013079, 151.603000, 180.000000, 0.000000, 2.053647]
  0035: [-54.119033, -347.511006, 151.603000, 180.000000, 0.000000, 0.000000]
  0036: [-54.295335, -355.008934, 151.603000, 180.000000, 0.000000, 0.000000]
  0037: [-54.471637, -362.506861, 151.603000, 180.000000, 0.000000, 0.000000]
  0038: [-54.648221, -370.004782, 151.603000, 180.000000, 0.000000, 5.977623]
  0039: [-54.837034, -377.502395, 151.603000, 180.000000, 0.000000, 12.223261]
  0040: [-54.805922, -384.983271, 151.603000, 180.000000, 0.000000, 16.795708]
  0041: [-53.552495, -392.377790, 151.603000, 180.000000, 0.000000, 17.907156]
  0042: [-48.736363, -397.858243, 151.603000, 180.000000, 0.000000, 18.081315]
  0043: [-42.216922, -400.811905, 151.603000, 180.000000, 0.000000, 17.176164]
  0044: [-34.778222, -401.684752, 151.603000, 180.000000, 0.000000, 14.652869]
  0045: [-27.279248, -401.808810, 151.603000, 180.000000, 0.000000, 9.064953]
  0046: [-19.780653, -401.953762, 151.603000, 180.000000, 0.000000, 2.850052]
  0047: [-12.282109, -402.101539, 151.603000, 180.000000, 0.000000, 0.000000]
  0048: [-4.783565, -402.249316, 151.603000, 180.000000, 0.000000, 0.000000]
  0049: [2.714979, -402.397093, 151.603000, 180.000000, 0.000000, 0.000000]
  0050: [10.213523, -402.544870, 151.603000, 180.000000, 0.000000, 0.000000]
  0051: [17.712067, -402.692647, 151.603000, 180.000000, 0.000000, 0.000000]
  0052: [25.210611, -402.840424, 151.603000, 180.000000, 0.000000, 0.000000]
  0053: [32.709155, -402.988200, 151.603000, 180.000000, 0.000000, 0.000000]
  0054: [40.207699, -403.135977, 151.603000, 180.000000, 0.000000, 0.000000]
  0055: [47.706243, -403.283754, 151.603000, 180.000000, 0.000000, 0.000000]
  0056: [48.809231, -403.305491, 151.603000, 180.000000, 0.000000, 0.000000]
