# Trajectory point dump
# timestamp=20260507_134129

[RAW]
path 1 count=101
  0000: [35.850964, -386.841858, 151.603000, 180.000000, 0.000000, 0.000000]
  0001: [36.822710, -386.787548, 151.603000, 180.000000, 0.000000, 0.000000]
  0002: [37.790788, -386.669876, 151.603000, 180.000000, 0.000000, 54.163483]
  0003: [38.751054, -386.489290, 151.603000, 180.000000, 0.000000, 54.842913]
  0004: [39.699427, -386.246570, 151.603000, 180.000000, 0.000000, 54.792971]
  0005: [40.631873, -385.942714, 151.603000, 180.000000, 0.000000, 54.764090]
  0006: [41.544412, -385.578991, 151.603000, 180.000000, 0.000000, 54.756882]
  0007: [42.433175, -385.156947, 151.603000, 180.000000, 0.000000, 54.459697]
  0008: [43.294357, -384.678341, 151.603000, 180.000000, 0.000000, 53.864292]
  0009: [44.124307, -384.145208, 151.603000, 180.000000, 0.000000, 53.267458]
  0010: [44.919469, -383.559734, 151.603000, 180.000000, 0.000000, 49.619571]
  0011: [45.676464, -382.924472, 151.603000, 180.000000, 0.000000, 45.976860]
  0012: [46.392067, -382.242036, 151.603000, 180.000000, 0.000000, 42.337967]
  0013: [47.063210, -381.515315, 151.603000, 180.000000, 0.000000, 38.701833]
  0014: [47.687052, -380.747408, 151.603000, 180.000000, 0.000000, 35.066011]
  0015: [48.260902, -379.941570, 151.603000, 180.000000, 0.000000, 31.429112]
  0016: [48.782313, -379.101205, 151.603000, 180.000000, 0.000000, 27.789937]
  0017: [49.249037, -378.229840, 151.603000, 180.000000, 0.000000, 24.146526]
  0018: [49.659082, -377.331213, 151.603000, 180.000000, 0.000000, 20.497028]
  0019: [50.010686, -376.409152, 151.603000, 180.000000, 0.000000, 16.840472]
  0020: [50.302302, -375.467549, 151.603000, 180.000000, 0.000000, 13.175136]
  0021: [50.532703, -374.510442, 151.603000, 180.000000, 0.000000, 9.499799]
  0022: [50.700838, -373.541872, 151.603000, 180.000000, 0.000000, 6.125044]
  0023: [50.805996, -372.566031, 151.603000, 180.000000, 0.000000, 0.000000]
  0024: [55.784497, -301.357806, 151.603000, 180.000000, 0.000000, 0.000000]
  0025: [55.817774, -300.338600, 151.603000, 180.000000, 0.000000, 51.588818]
  0026: [55.786637, -299.320862, 151.603000, 180.000000, 0.000000, 52.444014]
  0027: [55.691206, -298.308964, 151.603000, 180.000000, 0.000000, 56.921542]
  0028: [55.531821, -297.307290, 151.603000, 180.000000, 0.000000, 57.188150]
  0029: [55.309161, -296.320095, 151.603000, 180.000000, 0.000000, 57.439708]
  0030: [55.024133, -295.351733, 151.603000, 180.000000, 0.000000, 57.670896]
  0031: [54.677924, -294.406309, 151.603000, 180.000000, 0.000000, 57.879159]
  0032: [54.271971, -293.487947, 151.603000, 180.000000, 0.000000, 57.613897]
  0033: [53.808024, -292.600581, 151.603000, 180.000000, 0.000000, 56.844610]
  0034: [53.288018, -291.748092, 151.603000, 180.000000, 0.000000, 56.034368]
  0035: [52.714167, -290.934137, 151.603000, 180.000000, 0.000000, 52.233181]
  0036: [52.088897, -290.162225, 151.603000, 180.000000, 0.000000, 48.410303]
  0037: [51.414890, -289.435721, 151.603000, 180.000000, 0.000000, 44.566944]
  0038: [50.695029, -288.757752, 151.603000, 180.000000, 0.000000, 40.705277]
  0039: [49.932372, -288.131284, 151.603000, 180.000000, 0.000000, 36.826550]
  0040: [49.130210, -287.558954, 151.603000, 180.000000, 0.000000, 32.933021]
  0041: [48.291959, -287.043301, 151.603000, 180.000000, 0.000000, 29.027629]
  0042: [47.421233, -286.586565, 151.603000, 180.000000, 0.000000, 25.113584]
  0043: [46.521781, -286.190677, 151.603000, 180.000000, 0.000000, 21.192705]
  0044: [45.597458, -285.857346, 151.603000, 180.000000, 0.000000, 17.269140]
  0045: [44.652258, -285.588047, 151.603000, 180.000000, 0.000000, 13.345995]
  0046: [43.690253, -285.383916, 151.603000, 180.000000, 0.000000, 9.425501]
  0047: [42.715594, -285.245838, 151.603000, 180.000000, 0.000000, 5.956295]
  0048: [41.732471, -285.174436, 151.603000, 180.000000, 0.000000, 0.000000]
  0049: [-49.410426, -281.219955, 151.603000, 180.000000, 0.000000, 0.000000]
  0050: [-50.412214, -281.203060, 151.603000, 180.000000, 0.000000, 51.811667]
  0051: [-51.412865, -281.253133, 151.603000, 180.000000, 0.000000, 52.614158]
  0052: [-52.408116, -281.369918, 151.603000, 180.000000, 0.000000, 52.977545]
  0053: [-53.393631, -281.552959, 151.603000, 180.000000, 0.000000, 52.871497]
  0054: [-54.365219, -281.801431, 151.603000, 180.000000, 0.000000, 52.761174]
  0055: [-55.318628, -282.114264, 151.603000, 180.000000, 0.000000, 52.647333]
  0056: [-56.249793, -282.490098, 151.603000, 180.000000, 0.000000, 52.532784]
  0057: [-57.154685, -282.927311, 151.603000, 180.000000, 0.000000, 52.418619]
  0058: [-58.029423, -283.423990, 151.603000, 180.000000, 0.000000, 51.912754]
  0059: [-58.870227, -283.978008, 151.603000, 180.000000, 0.000000, 51.031307]
  0060: [-59.673489, -284.586977, 151.603000, 180.000000, 0.000000, 50.179778]
  0061: [-60.435775, -285.248248, 151.603000, 180.000000, 0.000000, 46.404735]
  0062: [-61.153763, -285.958987, 151.603000, 180.000000, 0.000000, 42.638650]
  0063: [-61.824452, -286.716084, 151.603000, 180.000000, 0.000000, 38.882209]
  0064: [-62.444902, -287.516306, 151.603000, 180.000000, 0.000000, 35.134834]
  0065: [-63.012494, -288.356173, 151.603000, 180.000000, 0.000000, 31.397210]
  0066: [-63.524786, -289.232082, 151.603000, 180.000000, 0.000000, 27.667899]
  0067: [-63.979618, -290.140259, 151.603000, 180.000000, 0.000000, 23.947560]
  0068: [-64.375042, -291.076806, 151.603000, 180.000000, 0.000000, 20.234863]
  0069: [-64.709390, -292.037656, 151.603000, 180.000000, 0.000000, 16.529579]
  0070: [-64.981230, -293.018692, 151.603000, 180.000000, 0.000000, 12.830862]
  0071: [-65.189441, -294.015721, 151.603000, 180.000000, 0.000000, 9.137781]
  0072: [-65.333166, -295.024453, 151.603000, 180.000000, 0.000000, 5.843488]
  0073: [-65.411790, -296.040522, 151.603000, 180.000000, 0.000000, 0.000000]
  0074: [-68.780712, -367.084486, 151.603000, 180.000000, 0.000000, 0.000000]
  0075: [-68.796580, -368.058052, 151.603000, 180.000000, 0.000000, 55.227689]
  0076: [-68.747870, -369.030418, 151.603000, 180.000000, 0.000000, 55.963668]
  0077: [-68.634821, -369.997426, 151.603000, 180.000000, 0.000000, 56.279866]
  0078: [-68.457952, -370.954980, 151.603000, 180.000000, 0.000000, 56.190704]
  0079: [-68.218102, -371.899008, 151.603000, 180.000000, 0.000000, 56.104325]
  0080: [-67.916284, -372.825496, 151.603000, 180.000000, 0.000000, 56.020882]
  0081: [-67.553900, -373.730546, 151.603000, 180.000000, 0.000000, 55.943108]
  0082: [-67.132487, -374.610228, 151.603000, 180.000000, 0.000000, 55.568194]
  0083: [-66.653902, -375.460880, 151.603000, 180.000000, 0.000000, 54.881363]
  0084: [-66.120211, -376.278895, 151.603000, 180.000000, 0.000000, 53.461074]
  0085: [-65.533744, -377.060787, 151.603000, 180.000000, 0.000000, 49.709722]
  0086: [-64.897050, -377.803213, 151.603000, 180.000000, 0.000000, 45.965662]
  0087: [-64.212834, -378.503044, 151.603000, 180.000000, 0.000000, 42.228776]
  0088: [-63.484030, -379.157356, 151.603000, 180.000000, 0.000000, 38.497936]
  0089: [-62.713838, -379.763314, 151.603000, 180.000000, 0.000000, 34.773588]
  0090: [-61.905456, -380.318352, 151.603000, 180.000000, 0.000000, 31.054690]
  0091: [-61.062435, -380.820143, 151.603000, 180.000000, 0.000000, 27.340729]
  0092: [-60.188286, -381.266542, 151.603000, 180.000000, 0.000000, 23.630436]
  0093: [-59.286789, -381.655672, 151.603000, 180.000000, 0.000000, 19.924072]
  0094: [-58.361771, -381.985835, 151.603000, 180.000000, 0.000000, 16.219761]
  0095: [-57.417130, -382.255668, 151.603000, 180.000000, 0.000000, 12.517415]
  0096: [-56.456932, -382.463986, 151.603000, 180.000000, 0.000000, 8.815706]
  0097: [-55.485203, -382.609909, 151.603000, 180.000000, 0.000000, 5.417474]
  0098: [-54.506080, -382.692796, 151.603000, 180.000000, 0.000000, 0.000000]
  0099: [34.879677, -386.832575, 151.603000, 180.000000, 0.000000, 0.000000]
  0100: [35.850964, -386.841858, 151.603000, 180.000000, 0.000000, 0.000000]

[PREPARED]
path 1 count=61
  0000: [35.850964, -386.841858, 151.603000, 180.000000, 0.000000, 0.000000]
  0001: [38.751054, -386.489290, 151.603000, 180.000000, 0.000000, 0.000000]
  0002: [41.544412, -385.578991, 151.603000, 180.000000, 0.000000, 51.196394]
  0003: [44.124307, -384.145208, 151.603000, 180.000000, 0.000000, 49.418617]
  0004: [46.392067, -382.242036, 151.603000, 180.000000, 0.000000, 38.439870]
  0005: [48.260902, -379.941570, 151.603000, 180.000000, 0.000000, 27.491471]
  0006: [49.659082, -377.331213, 151.603000, 180.000000, 0.000000, 16.217292]
  0007: [50.532703, -374.510442, 151.603000, 180.000000, 0.000000, 7.018028]
  0008: [51.635747, -360.697994, 151.603000, 180.000000, 0.000000, 0.000000]
  0009: [52.465497, -348.829956, 151.603000, 180.000000, 0.000000, 0.000000]
  0010: [53.295247, -336.961919, 151.603000, 180.000000, 0.000000, 0.000000]
  0011: [54.124997, -325.093881, 151.603000, 180.000000, 0.000000, 0.000000]
  0012: [54.954747, -313.225844, 151.603000, 180.000000, 0.000000, 0.000000]
  0013: [55.784497, -301.357806, 151.603000, 180.000000, 0.000000, 13.406193]
  0014: [55.691206, -298.308964, 151.603000, 180.000000, 0.000000, 40.801983]
  0015: [55.024133, -295.351733, 151.603000, 180.000000, 0.000000, 55.049191]
  0016: [53.808024, -292.600581, 151.603000, 180.000000, 0.000000, 53.065326]
  0017: [52.088897, -290.162225, 151.603000, 180.000000, 0.000000, 47.558025]
  0018: [49.932372, -288.131284, 151.603000, 180.000000, 0.000000, 36.066314]
  0019: [47.421233, -286.586565, 151.603000, 180.000000, 0.000000, 24.448299]
  0020: [44.652258, -285.588047, 151.603000, 180.000000, 0.000000, 13.982209]
  0021: [41.732471, -285.174436, 151.603000, 180.000000, 0.000000, 9.291728]
  0022: [30.339609, -284.680126, 151.603000, 180.000000, 0.000000, 0.000000]
  0023: [18.946747, -284.185816, 151.603000, 180.000000, 0.000000, 0.000000]
  0024: [7.553885, -283.691506, 151.603000, 180.000000, 0.000000, 0.000000]
  0025: [-3.838977, -283.197196, 151.603000, 180.000000, 0.000000, 0.000000]
  0026: [-15.231839, -282.702886, 151.603000, 180.000000, 0.000000, 0.000000]
  0027: [-26.624701, -282.208576, 151.603000, 180.000000, 0.000000, 0.000000]
  0028: [-38.017564, -281.714266, 151.603000, 180.000000, 0.000000, 0.000000]
  0029: [-49.410426, -281.219955, 151.603000, 180.000000, 0.000000, 13.584430]
  0030: [-52.408116, -281.369918, 151.603000, 180.000000, 0.000000, 40.776036]
  0031: [-55.318628, -282.114264, 151.603000, 180.000000, 0.000000, 44.066660]
  0032: [-58.029423, -283.423990, 151.603000, 180.000000, 0.000000, 43.900768]
  0033: [-60.435775, -285.248248, 151.603000, 180.000000, 0.000000, 40.302255]
  0034: [-62.444902, -287.516306, 151.603000, 180.000000, 0.000000, 34.530226]
  0035: [-63.979618, -290.140259, 151.603000, 180.000000, 0.000000, 23.309567]
  0036: [-64.981230, -293.018692, 151.603000, 180.000000, 0.000000, 13.285717]
  0037: [-65.411790, -296.040522, 151.603000, 180.000000, 0.000000, 8.815870]
  0038: [-65.973277, -307.881183, 151.603000, 180.000000, 0.000000, 0.000000]
  0039: [-66.534764, -319.721844, 151.603000, 180.000000, 0.000000, 0.000000]
  0040: [-67.096251, -331.562504, 151.603000, 180.000000, 0.000000, 0.000000]
  0041: [-67.657738, -343.403165, 151.603000, 180.000000, 0.000000, 0.000000]
  0042: [-68.219225, -355.243826, 151.603000, 180.000000, 0.000000, 0.000000]
  0043: [-68.780712, -367.084486, 151.603000, 180.000000, 0.000000, 13.579277]
  0044: [-68.634821, -369.997426, 151.603000, 180.000000, 0.000000, 51.744245]
  0045: [-67.916284, -372.825496, 151.603000, 180.000000, 0.000000, 53.922326]
  0046: [-66.653902, -375.460880, 151.603000, 180.000000, 0.000000, 51.616074]
  0047: [-64.897050, -377.803213, 151.603000, 180.000000, 0.000000, 45.963747]
  0048: [-62.713838, -379.763314, 151.603000, 180.000000, 0.000000, 34.743551]
  0049: [-60.188286, -381.266542, 151.603000, 180.000000, 0.000000, 23.570518]
  0050: [-57.417130, -382.255668, 151.603000, 180.000000, 0.000000, 13.475150]
  0051: [-54.506080, -382.692796, 151.603000, 180.000000, 0.000000, 9.020279]
  0052: [-43.332860, -383.210268, 151.603000, 180.000000, 0.000000, 0.000000]
  0053: [-32.159641, -383.727741, 151.603000, 180.000000, 0.000000, 0.000000]
  0054: [-20.986421, -384.245213, 151.603000, 180.000000, 0.000000, 0.000000]
  0055: [-9.813201, -384.762685, 151.603000, 180.000000, 0.000000, 0.000000]
  0056: [1.360018, -385.280158, 151.603000, 180.000000, 0.000000, 0.000000]
  0057: [12.533238, -385.797630, 151.603000, 180.000000, 0.000000, 0.000000]
  0058: [23.706457, -386.315102, 151.603000, 180.000000, 0.000000, 0.000000]
  0059: [34.879677, -386.832575, 151.603000, 180.000000, 0.000000, 0.000000]
  0060: [35.850964, -386.841858, 151.603000, 180.000000, 0.000000, 0.000000]

[CURVE]
path 1 count=167
  0000: [35.850964, -386.841858, 151.603000, 180.000000, 0.000000, 0.000000]
  0001: [38.359939, -386.558039, 151.603000, 180.000000, 0.000000, 0.000000]
  0002: [40.785772, -385.884471, 151.603000, 180.000000, 0.000000, 44.945619]
  0003: [43.066071, -384.813748, 151.603000, 180.000000, 0.000000, 45.575615]
  0004: [45.140466, -383.385201, 151.603000, 180.000000, 0.000000, 42.769624]
  0005: [46.955950, -381.638509, 151.603000, 180.000000, 0.000000, 38.240202]
  0006: [48.467012, -379.620294, 151.603000, 180.000000, 0.000000, 32.022053]
  0007: [49.638371, -377.383004, 151.603000, 180.000000, 0.000000, 23.325928]
  0008: [50.444460, -374.985982, 151.603000, 180.000000, 0.000000, 15.490072]
  0009: [50.789918, -372.524446, 151.603000, 180.000000, 0.000000, 8.981501]
  0010: [51.031082, -370.027459, 151.603000, 180.000000, 0.000000, 0.000000]
  0011: [51.213073, -367.506561, 151.603000, 180.000000, 0.000000, 0.000000]
  0012: [51.365055, -364.974420, 151.603000, 180.000000, 0.000000, 0.000000]
  0013: [51.516191, -362.443708, 151.603000, 180.000000, 0.000000, 0.000000]
  0014: [51.692775, -359.925917, 151.603000, 180.000000, 0.000000, 0.000000]
  0015: [51.873218, -357.412417, 151.603000, 180.000000, 0.000000, 0.000000]
  0016: [52.048067, -354.898469, 151.603000, 180.000000, 0.000000, 0.000000]
  0017: [52.220363, -352.384314, 151.603000, 180.000000, 0.000000, 0.000000]
  0018: [52.393144, -349.870199, 151.603000, 180.000000, 0.000000, 0.000000]
  0019: [52.568527, -347.356293, 151.603000, 180.000000, 0.000000, 0.000000]
  0020: [52.744284, -344.842417, 151.603000, 180.000000, 0.000000, 0.000000]
  0021: [52.920041, -342.328541, 151.603000, 180.000000, 0.000000, 0.000000]
  0022: [53.095798, -339.814665, 151.603000, 180.000000, 0.000000, 0.000000]
  0023: [53.271555, -337.300789, 151.603000, 180.000000, 0.000000, 0.000000]
  0024: [53.447312, -334.786913, 151.603000, 180.000000, 0.000000, 0.000000]
  0025: [53.623069, -332.273037, 151.603000, 180.000000, 0.000000, 0.000000]
  0026: [53.798826, -329.759161, 151.603000, 180.000000, 0.000000, 0.000000]
  0027: [53.974582, -327.245285, 151.603000, 180.000000, 0.000000, 0.000000]
  0028: [54.150339, -324.731409, 151.603000, 180.000000, 0.000000, 0.000000]
  0029: [54.326096, -322.217533, 151.603000, 180.000000, 0.000000, 0.000000]
  0030: [54.501853, -319.703657, 151.603000, 180.000000, 0.000000, 0.000000]
  0031: [54.677610, -317.189781, 151.603000, 180.000000, 0.000000, 0.000000]
  0032: [54.853367, -314.675905, 151.603000, 180.000000, 0.000000, 0.000000]
  0033: [55.035193, -312.162131, 151.603000, 180.000000, 0.000000, 7.701017]
  0034: [55.257554, -309.649042, 151.603000, 180.000000, 0.000000, 13.779440]
  0035: [55.487035, -307.136072, 151.603000, 180.000000, 0.000000, 20.960256]
  0036: [55.676322, -304.622424, 151.603000, 180.000000, 0.000000, 28.863735]
  0037: [55.778101, -302.107300, 151.603000, 180.000000, 0.000000, 36.631504]
  0038: [55.749904, -299.584165, 151.603000, 180.000000, 0.000000, 41.933610]
  0039: [55.510041, -297.085570, 151.603000, 180.000000, 0.000000, 45.911493]
  0040: [54.789256, -294.667002, 151.603000, 180.000000, 0.000000, 48.097281]
  0041: [53.691527, -292.394064, 151.603000, 180.000000, 0.000000, 47.596823]
  0042: [52.232207, -290.330608, 151.603000, 180.000000, 0.000000, 44.279039]
  0043: [50.449870, -288.544226, 151.603000, 180.000000, 0.000000, 39.242429]
  0044: [48.388537, -287.093474, 151.603000, 180.000000, 0.000000, 31.687069]
  0045: [46.106221, -286.025262, 151.603000, 180.000000, 0.000000, 22.736875]
  0046: [43.671720, -285.407107, 151.603000, 180.000000, 0.000000, 14.535994]
  0047: [41.162393, -285.133788, 151.603000, 180.000000, 0.000000, 7.950685]
  0048: [38.650793, -284.990182, 151.603000, 180.000000, 0.000000, 0.000000]
  0049: [36.132099, -284.886919, 151.603000, 180.000000, 0.000000, 0.000000]
  0050: [33.610275, -284.801453, 151.603000, 180.000000, 0.000000, 0.000000]
  0051: [31.089287, -284.711235, 151.603000, 180.000000, 0.000000, 0.000000]
  0052: [28.571396, -284.603408, 151.603000, 180.000000, 0.000000, 0.000000]
  0053: [26.053752, -284.494173, 151.603000, 180.000000, 0.000000, 0.000000]
  0054: [23.536108, -284.384938, 151.603000, 180.000000, 0.000000, 0.000000]
  0055: [21.018464, -284.275703, 151.603000, 180.000000, 0.000000, 0.000000]
  0056: [18.500820, -284.166468, 151.603000, 180.000000, 0.000000, 0.000000]
  0057: [15.983176, -284.057234, 151.603000, 180.000000, 0.000000, 0.000000]
  0058: [13.465532, -283.947999, 151.603000, 180.000000, 0.000000, 0.000000]
  0059: [10.947888, -283.838764, 151.603000, 180.000000, 0.000000, 0.000000]
  0060: [8.430244, -283.729529, 151.603000, 180.000000, 0.000000, 0.000000]
  0061: [5.912601, -283.620295, 151.603000, 180.000000, 0.000000, 0.000000]
  0062: [3.394957, -283.511060, 151.603000, 180.000000, 0.000000, 0.000000]
  0063: [0.877313, -283.401825, 151.603000, 180.000000, 0.000000, 0.000000]
  0064: [-1.640331, -283.292590, 151.603000, 180.000000, 0.000000, 0.000000]
  0065: [-4.157975, -283.183355, 151.603000, 180.000000, 0.000000, 0.000000]
  0066: [-6.675619, -283.074121, 151.603000, 180.000000, 0.000000, 0.000000]
  0067: [-9.193263, -282.964886, 151.603000, 180.000000, 0.000000, 0.000000]
  0068: [-11.710907, -282.855651, 151.603000, 180.000000, 0.000000, 0.000000]
  0069: [-14.228551, -282.746416, 151.603000, 180.000000, 0.000000, 0.000000]
  0070: [-16.746195, -282.637181, 151.603000, 180.000000, 0.000000, 0.000000]
  0071: [-19.263839, -282.527947, 151.603000, 180.000000, 0.000000, 0.000000]
  0072: [-21.781483, -282.418712, 151.603000, 180.000000, 0.000000, 0.000000]
  0073: [-24.299127, -282.309477, 151.603000, 180.000000, 0.000000, 0.000000]
  0074: [-26.816770, -282.200242, 151.603000, 180.000000, 0.000000, 0.000000]
  0075: [-29.334414, -282.091007, 151.603000, 180.000000, 0.000000, 0.000000]
  0076: [-31.852058, -281.981773, 151.603000, 180.000000, 0.000000, 0.000000]
  0077: [-34.369702, -281.872538, 151.603000, 180.000000, 0.000000, 0.000000]
  0078: [-36.887346, -281.763303, 151.603000, 180.000000, 0.000000, 0.000000]
  0079: [-39.405017, -281.647630, 151.603000, 180.000000, 0.000000, 9.196658]
  0080: [-41.922797, -281.506664, 151.603000, 180.000000, 0.000000, 15.861627]
  0081: [-44.440570, -281.367064, 151.603000, 180.000000, 0.000000, 23.835811]
  0082: [-46.958201, -281.260837, 151.603000, 180.000000, 0.000000, 32.228047]
  0083: [-49.475574, -281.220049, 151.603000, 180.000000, 0.000000, 38.872950]
  0084: [-51.997108, -281.336391, 151.603000, 180.000000, 0.000000, 43.326228]
  0085: [-54.464741, -281.830071, 151.603000, 180.000000, 0.000000, 46.144823]
  0086: [-56.810445, -282.749112, 151.603000, 180.000000, 0.000000, 46.674696]
  0087: [-58.969940, -284.045492, 151.603000, 180.000000, 0.000000, 44.585996]
  0088: [-60.886410, -285.682242, 151.603000, 180.000000, 0.000000, 40.727229]
  0089: [-62.513205, -287.612425, 151.603000, 180.000000, 0.000000, 35.284884]
  0090: [-63.812811, -289.780110, 151.603000, 180.000000, 0.000000, 27.637977]
  0091: [-64.748788, -292.123802, 151.603000, 180.000000, 0.000000, 19.370448]
  0092: [-65.251125, -294.584768, 151.603000, 180.000000, 0.000000, 12.136447]
  0093: [-65.489432, -297.094211, 151.603000, 180.000000, 0.000000, 6.402863]
  0094: [-65.635841, -299.606781, 151.603000, 180.000000, 0.000000, 0.000000]
  0095: [-65.745622, -302.125600, 151.603000, 180.000000, 0.000000, 0.000000]
  0096: [-65.840126, -304.647025, 151.603000, 180.000000, 0.000000, 0.000000]
  0097: [-65.940705, -307.167415, 151.603000, 180.000000, 0.000000, 0.000000]
  0098: [-66.058806, -309.684814, 151.603000, 180.000000, 0.000000, 0.000000]
  0099: [-66.178171, -312.201998, 151.603000, 180.000000, 0.000000, 0.000000]
  0100: [-66.297537, -314.719182, 151.603000, 180.000000, 0.000000, 0.000000]
  0101: [-66.416902, -317.236366, 151.603000, 180.000000, 0.000000, 0.000000]
  0102: [-66.536268, -319.753550, 151.603000, 180.000000, 0.000000, 0.000000]
  0103: [-66.655633, -322.270734, 151.603000, 180.000000, 0.000000, 0.000000]
  0104: [-66.774999, -324.787918, 151.603000, 180.000000, 0.000000, 0.000000]
  0105: [-66.894364, -327.305102, 151.603000, 180.000000, 0.000000, 0.000000]
  0106: [-67.013730, -329.822286, 151.603000, 180.000000, 0.000000, 0.000000]
  0107: [-67.133095, -332.339470, 151.603000, 180.000000, 0.000000, 0.000000]
  0108: [-67.252460, -334.856654, 151.603000, 180.000000, 0.000000, 0.000000]
  0109: [-67.371826, -337.373838, 151.603000, 180.000000, 0.000000, 0.000000]
  0110: [-67.491191, -339.891022, 151.603000, 180.000000, 0.000000, 0.000000]
  0111: [-67.610557, -342.408205, 151.603000, 180.000000, 0.000000, 0.000000]
  0112: [-67.729922, -344.925389, 151.603000, 180.000000, 0.000000, 0.000000]
  0113: [-67.849288, -347.442573, 151.603000, 180.000000, 0.000000, 0.000000]
  0114: [-67.968653, -349.959757, 151.603000, 180.000000, 0.000000, 0.000000]
  0115: [-68.088019, -352.476941, 151.603000, 180.000000, 0.000000, 0.000000]
  0116: [-68.207384, -354.994125, 151.603000, 180.000000, 0.000000, 5.214849]
  0117: [-68.343397, -357.511337, 151.603000, 180.000000, 0.000000, 10.729560]
  0118: [-68.500750, -360.028583, 151.603000, 180.000000, 0.000000, 17.797282]
  0119: [-68.647331, -362.545811, 151.603000, 180.000000, 0.000000, 26.087348]
  0120: [-68.750771, -365.062969, 151.603000, 180.000000, 0.000000, 34.645877]
  0121: [-68.775307, -367.581048, 151.603000, 180.000000, 0.000000, 40.747277]
  0122: [-68.625678, -370.095364, 151.603000, 180.000000, 0.000000, 44.987243]
  0123: [-68.010439, -372.545095, 151.603000, 180.000000, 0.000000, 47.434578]
  0124: [-67.000094, -374.855126, 151.603000, 180.000000, 0.000000, 47.311280]
  0125: [-65.615151, -376.959721, 151.603000, 180.000000, 0.000000, 44.363750]
  0126: [-63.895863, -378.800291, 151.603000, 180.000000, 0.000000, 39.842369]
  0127: [-61.892316, -380.326753, 151.603000, 180.000000, 0.000000, 33.433799]
  0128: [-59.661659, -381.498873, 151.603000, 180.000000, 0.000000, 25.081080]
  0129: [-57.266147, -382.287451, 151.603000, 180.000000, 0.000000, 16.744797]
  0130: [-54.772084, -382.669800, 151.603000, 180.000000, 0.000000, 9.853634]
  0131: [-52.264658, -382.843411, 151.603000, 180.000000, 0.000000, 0.000000]
  0132: [-49.748137, -382.964264, 151.603000, 180.000000, 0.000000, 0.000000]
  0133: [-47.226706, -383.058708, 151.603000, 180.000000, 0.000000, 0.000000]
  0134: [-44.704975, -383.151536, 151.603000, 180.000000, 0.000000, 0.000000]
  0135: [-42.186773, -383.263348, 151.603000, 180.000000, 0.000000, 0.000000]
  0136: [-39.669459, -383.379934, 151.603000, 180.000000, 0.000000, 0.000000]
  0137: [-37.152144, -383.496520, 151.603000, 180.000000, 0.000000, 0.000000]
  0138: [-34.634830, -383.613106, 151.603000, 180.000000, 0.000000, 0.000000]
  0139: [-32.117516, -383.729692, 151.603000, 180.000000, 0.000000, 0.000000]
  0140: [-29.600202, -383.846277, 151.603000, 180.000000, 0.000000, 0.000000]
  0141: [-27.082888, -383.962863, 151.603000, 180.000000, 0.000000, 0.000000]
  0142: [-24.565573, -384.079449, 151.603000, 180.000000, 0.000000, 0.000000]
  0143: [-22.048259, -384.196035, 151.603000, 180.000000, 0.000000, 0.000000]
  0144: [-19.530945, -384.312621, 151.603000, 180.000000, 0.000000, 0.000000]
  0145: [-17.013631, -384.429207, 151.603000, 180.000000, 0.000000, 0.000000]
  0146: [-14.496316, -384.545793, 151.603000, 180.000000, 0.000000, 0.000000]
  0147: [-11.979002, -384.662379, 151.603000, 180.000000, 0.000000, 0.000000]
  0148: [-9.461688, -384.778965, 151.603000, 180.000000, 0.000000, 0.000000]
  0149: [-6.944374, -384.895551, 151.603000, 180.000000, 0.000000, 0.000000]
  0150: [-4.427060, -385.012137, 151.603000, 180.000000, 0.000000, 0.000000]
  0151: [-1.909745, -385.128723, 151.603000, 180.000000, 0.000000, 0.000000]
  0152: [0.607569, -385.245309, 151.603000, 180.000000, 0.000000, 0.000000]
  0153: [3.124883, -385.361895, 151.603000, 180.000000, 0.000000, 0.000000]
  0154: [5.642197, -385.478481, 151.603000, 180.000000, 0.000000, 0.000000]
  0155: [8.159511, -385.595067, 151.603000, 180.000000, 0.000000, 0.000000]
  0156: [10.676826, -385.711653, 151.603000, 180.000000, 0.000000, 0.000000]
  0157: [13.194140, -385.828239, 151.603000, 180.000000, 0.000000, 0.000000]
  0158: [15.711454, -385.944825, 151.603000, 180.000000, 0.000000, 0.000000]
  0159: [18.228768, -386.061411, 151.603000, 180.000000, 0.000000, 0.000000]
  0160: [20.746083, -386.177997, 151.603000, 180.000000, 0.000000, 0.000000]
  0161: [23.263397, -386.294582, 151.603000, 180.000000, 0.000000, 0.000000]
  0162: [25.780505, -386.421492, 151.603000, 180.000000, 0.000000, 0.000000]
  0163: [28.297295, -386.564345, 151.603000, 180.000000, 0.000000, 0.000000]
  0164: [30.814259, -386.698504, 151.603000, 180.000000, 0.000000, 0.000000]
  0165: [33.331900, -386.798729, 151.603000, 180.000000, 0.000000, 0.000000]
  0166: [35.850964, -386.841858, 151.603000, 180.000000, 0.000000, 0.000000]

[SAMPLED]
path 1 count=43
  0000: [35.850964, -386.841858, 151.603000, 180.000000, 0.000000, 0.000000]
  0001: [45.074201, -383.430835, 151.603000, 180.000000, 0.000000, 0.000000]
  0002: [50.388587, -375.152128, 151.603000, 180.000000, 0.000000, 13.148931]
  0003: [51.351053, -365.207711, 151.603000, 180.000000, 0.000000, 13.140965]
  0004: [52.024969, -355.230564, 151.603000, 180.000000, 0.000000, 5.739698]
  0005: [52.715478, -345.254434, 151.603000, 180.000000, 0.000000, 0.000000]
  0006: [53.412923, -335.278785, 151.603000, 180.000000, 0.000000, 0.000000]
  0007: [54.110367, -325.303137, 151.603000, 180.000000, 0.000000, 0.000000]
  0008: [54.807811, -315.327488, 151.603000, 180.000000, 0.000000, 8.188875]
  0009: [55.620709, -305.360946, 151.603000, 180.000000, 0.000000, 15.771493]
  0010: [55.021985, -295.447918, 151.603000, 180.000000, 0.000000, 18.344690]
  0011: [49.133096, -287.617490, 151.603000, 180.000000, 0.000000, 18.436388]
  0012: [39.631219, -285.046240, 151.603000, 180.000000, 0.000000, 16.811859]
  0013: [29.639326, -284.649141, 151.603000, 180.000000, 0.000000, 10.114112]
  0014: [19.648700, -284.216272, 151.603000, 180.000000, 0.000000, 0.000000]
  0015: [9.658099, -283.782803, 151.603000, 180.000000, 0.000000, 0.000000]
  0016: [-0.332502, -283.349334, 151.603000, 180.000000, 0.000000, 0.000000]
  0017: [-10.323103, -282.915865, 151.603000, 180.000000, 0.000000, 0.000000]
  0018: [-20.313704, -282.482395, 151.603000, 180.000000, 0.000000, 0.000000]
  0019: [-30.304304, -282.048926, 151.603000, 180.000000, 0.000000, 0.000000]
  0020: [-40.294063, -281.597854, 151.603000, 180.000000, 0.000000, 11.888838]
  0021: [-50.284214, -281.257359, 151.603000, 180.000000, 0.000000, 17.472853]
  0022: [-59.525579, -284.520032, 151.603000, 180.000000, 0.000000, 18.019486]
  0023: [-64.875793, -292.746004, 151.603000, 180.000000, 0.000000, 17.847423]
  0024: [-65.766766, -302.689749, 151.603000, 180.000000, 0.000000, 13.567885]
  0025: [-66.200849, -312.680234, 151.603000, 180.000000, 0.000000, 6.065048]
  0026: [-66.674520, -322.669009, 151.603000, 180.000000, 0.000000, 0.000000]
  0027: [-67.148190, -332.657785, 151.603000, 180.000000, 0.000000, 0.000000]
  0028: [-67.621860, -342.646560, 151.603000, 180.000000, 0.000000, 0.000000]
  0029: [-68.095530, -352.635336, 151.603000, 180.000000, 0.000000, 8.149007]
  0030: [-68.650370, -362.619774, 151.603000, 180.000000, 0.000000, 15.539131]
  0031: [-68.012394, -372.537309, 151.603000, 180.000000, 0.000000, 18.061373]
  0032: [-61.960878, -380.274517, 151.603000, 180.000000, 0.000000, 18.106350]
  0033: [-52.428918, -382.832038, 151.603000, 180.000000, 0.000000, 16.733532]
  0034: [-42.437922, -383.252196, 151.603000, 180.000000, 0.000000, 9.863646]
  0035: [-32.448608, -383.714357, 151.603000, 180.000000, 0.000000, 0.000000]
  0036: [-22.459315, -384.176998, 151.603000, 180.000000, 0.000000, 0.000000]
  0037: [-12.470023, -384.639638, 151.603000, 180.000000, 0.000000, 0.000000]
  0038: [-2.480730, -385.102279, 151.603000, 180.000000, 0.000000, 0.000000]
  0039: [7.508562, -385.564919, 151.603000, 180.000000, 0.000000, 0.000000]
  0040: [17.497855, -386.027559, 151.603000, 180.000000, 0.000000, 0.000000]
  0041: [27.485733, -386.518281, 151.603000, 180.000000, 0.000000, 0.000000]
  0042: [35.850964, -386.841858, 151.603000, 180.000000, 0.000000, 0.000000]

[EXECUTION]
path 1 count=57
  0000: [35.850964, -386.841858, 151.603000, 180.000000, 0.000000, 0.000000]
  0001: [42.885318, -384.240348, 151.603000, 180.000000, 0.000000, 0.000000]
  0002: [47.865035, -379.083296, 151.603000, 180.000000, 0.000000, 6.905123]
  0003: [50.661074, -372.336728, 151.603000, 180.000000, 0.000000, 13.146676]
  0004: [51.373809, -364.870808, 151.603000, 180.000000, 0.000000, 12.891043]
  0005: [51.879253, -357.387859, 151.603000, 180.000000, 0.000000, 7.340027]
  0006: [52.393548, -349.905515, 151.603000, 180.000000, 0.000000, 2.675967]
  0007: [52.913398, -342.423554, 151.603000, 180.000000, 0.000000, 0.000000]
  0008: [53.436482, -334.941817, 151.603000, 180.000000, 0.000000, 0.000000]
  0009: [53.959565, -327.460080, 151.603000, 180.000000, 0.000000, 0.000000]
  0010: [54.482648, -319.978343, 151.603000, 180.000000, 0.000000, 4.371051]
  0011: [55.038503, -312.499089, 151.603000, 180.000000, 0.000000, 10.340742]
  0012: [55.600322, -305.023408, 151.603000, 180.000000, 0.000000, 15.859110]
  0013: [55.148164, -297.537050, 151.603000, 180.000000, 0.000000, 17.802399]
  0014: [51.772076, -291.126529, 151.603000, 180.000000, 0.000000, 18.395296]
  0015: [46.131670, -286.805291, 151.603000, 180.000000, 0.000000, 17.923237]
  0016: [38.866073, -285.015831, 151.603000, 180.000000, 0.000000, 16.298969]
  0017: [31.371989, -284.718001, 151.603000, 180.000000, 0.000000, 11.275547]
  0018: [23.878762, -284.399550, 151.603000, 180.000000, 0.000000, 4.282346]
  0019: [16.385800, -284.074703, 151.603000, 180.000000, 0.000000, 0.000000]
  0020: [8.892849, -283.749601, 151.603000, 180.000000, 0.000000, 0.000000]
  0021: [1.399899, -283.424499, 151.603000, 180.000000, 0.000000, 0.000000]
  0022: [-6.093052, -283.099397, 151.603000, 180.000000, 0.000000, 0.000000]
  0023: [-13.586002, -282.774295, 151.603000, 180.000000, 0.000000, 0.000000]
  0024: [-21.078953, -282.449193, 151.603000, 180.000000, 0.000000, 0.000000]
  0025: [-28.571904, -282.124091, 151.603000, 180.000000, 0.000000, 0.000000]
  0026: [-36.064405, -281.788838, 151.603000, 180.000000, 0.000000, 6.855111]
  0027: [-43.558200, -281.486602, 151.603000, 180.000000, 0.000000, 13.713334]
  0028: [-51.010367, -281.513728, 151.603000, 180.000000, 0.000000, 17.515806]
  0029: [-58.082551, -284.010570, 151.603000, 180.000000, 0.000000, 17.934130]
  0030: [-62.780410, -289.524345, 151.603000, 180.000000, 0.000000, 17.914810]
  0031: [-65.202146, -296.388273, 151.603000, 180.000000, 0.000000, 16.279882]
  0032: [-65.817697, -303.861923, 151.603000, 180.000000, 0.000000, 12.687585]
  0033: [-66.143262, -311.354853, 151.603000, 180.000000, 0.000000, 7.060406]
  0034: [-66.493263, -318.846673, 151.603000, 180.000000, 0.000000, 2.320870]
  0035: [-66.848516, -326.338255, 151.603000, 180.000000, 0.000000, 0.000000]
  0036: [-67.203769, -333.829837, 151.603000, 180.000000, 0.000000, 0.000000]
  0037: [-67.559021, -341.321418, 151.603000, 180.000000, 0.000000, 0.000000]
  0038: [-67.914274, -348.813000, 151.603000, 180.000000, 0.000000, 5.030683]
  0039: [-68.299346, -356.303046, 151.603000, 180.000000, 0.000000, 10.863715]
  0040: [-68.575035, -363.790880, 151.603000, 180.000000, 0.000000, 15.836968]
  0041: [-68.093569, -371.275410, 151.603000, 180.000000, 0.000000, 17.740445]
  0042: [-64.170862, -377.448928, 151.603000, 180.000000, 0.000000, 18.089925]
  0043: [-58.181742, -381.288498, 151.603000, 180.000000, 0.000000, 17.562069]
  0044: [-50.886581, -382.896899, 151.603000, 180.000000, 0.000000, 15.673009]
  0045: [-43.393204, -383.212023, 151.603000, 180.000000, 0.000000, 10.520505]
  0046: [-35.901041, -383.554629, 151.603000, 180.000000, 0.000000, 3.409000]
  0047: [-28.409064, -383.901443, 151.603000, 180.000000, 0.000000, 0.000000]
  0048: [-20.917094, -384.248424, 151.603000, 180.000000, 0.000000, 0.000000]
  0049: [-13.425125, -384.595404, 151.603000, 180.000000, 0.000000, 0.000000]
  0050: [-5.933155, -384.942384, 151.603000, 180.000000, 0.000000, 0.000000]
  0051: [1.558814, -385.289365, 151.603000, 180.000000, 0.000000, 0.000000]
  0052: [9.050783, -385.636345, 151.603000, 180.000000, 0.000000, 0.000000]
  0053: [16.542753, -385.983325, 151.603000, 180.000000, 0.000000, 0.000000]
  0054: [24.033845, -386.348684, 151.603000, 180.000000, 0.000000, 0.000000]
  0055: [31.526659, -386.674589, 151.603000, 180.000000, 0.000000, 0.000000]
  0056: [35.850964, -386.841858, 151.603000, 180.000000, 0.000000, 0.000000]
