# Trajectory point dump
# timestamp=20260508_164838

[RAW]
path 1 count=101
  0000: [38.537383, -430.073395, 151.603000, 180.000000, 0.000000, 0.000000]
  0001: [39.583267, -430.032560, 151.603000, 180.000000, 0.000000, 0.000000]
  0002: [40.624449, -429.929198, 151.603000, 180.000000, 0.000000, 49.546629]
  0003: [41.656311, -429.763809, 151.603000, 180.000000, 0.000000, 50.573305]
  0004: [42.674308, -429.537222, 151.603000, 180.000000, 0.000000, 50.919033]
  0005: [43.674063, -429.250430, 151.603000, 180.000000, 0.000000, 51.263369]
  0006: [44.651287, -428.904657, 151.603000, 180.000000, 0.000000, 51.159475]
  0007: [45.601878, -428.501421, 151.603000, 180.000000, 0.000000, 50.623426]
  0008: [46.521893, -428.042319, 151.603000, 180.000000, 0.000000, 50.029737]
  0009: [47.407595, -427.529242, 151.603000, 180.000000, 0.000000, 46.465183]
  0010: [48.255378, -426.964295, 151.603000, 180.000000, 0.000000, 42.869006]
  0011: [49.061876, -426.349727, 151.603000, 180.000000, 0.000000, 39.241175]
  0012: [49.823905, -425.688068, 151.603000, 180.000000, 0.000000, 35.582245]
  0013: [50.538511, -424.981915, 151.603000, 180.000000, 0.000000, 31.893667]
  0014: [51.202928, -424.234147, 151.603000, 180.000000, 0.000000, 28.177961]
  0015: [51.814618, -423.447783, 151.603000, 180.000000, 0.000000, 24.437012]
  0016: [52.371280, -422.626008, 151.603000, 180.000000, 0.000000, 20.674734]
  0017: [52.870808, -421.772126, 151.603000, 180.000000, 0.000000, 16.893989]
  0018: [53.311364, -420.889644, 151.603000, 180.000000, 0.000000, 13.098361]
  0019: [53.691329, -419.982131, 151.603000, 180.000000, 0.000000, 9.290630]
  0020: [54.009317, -419.053372, 151.603000, 180.000000, 0.000000, 5.911730]
  0021: [54.264186, -418.107122, 151.603000, 180.000000, 0.000000, 0.000000]
  0022: [70.803329, -348.862477, 151.603000, 180.000000, 0.000000, 0.000000]
  0023: [71.009701, -347.863747, 151.603000, 180.000000, 0.000000, 51.383847]
  0024: [71.151775, -346.854662, 151.603000, 180.000000, 0.000000, 52.364163]
  0025: [71.228881, -345.839534, 151.603000, 180.000000, 0.000000, 52.942755]
  0026: [71.240617, -344.822771, 151.603000, 180.000000, 0.000000, 53.138021]
  0027: [71.186871, -343.808750, 151.603000, 180.000000, 0.000000, 53.324883]
  0028: [71.067831, -342.801865, 151.603000, 180.000000, 0.000000, 53.499631]
  0029: [70.883913, -341.806479, 151.603000, 180.000000, 0.000000, 53.658217]
  0030: [70.635876, -340.826878, 151.603000, 180.000000, 0.000000, 53.797273]
  0031: [70.324705, -339.867329, 151.603000, 180.000000, 0.000000, 53.528238]
  0032: [69.951674, -338.932007, 151.603000, 180.000000, 0.000000, 52.824402]
  0033: [69.518355, -338.024961, 151.603000, 180.000000, 0.000000, 52.073802]
  0034: [69.026540, -337.150174, 151.603000, 180.000000, 0.000000, 48.265139]
  0035: [68.478296, -336.311425, 151.603000, 180.000000, 0.000000, 44.440881]
  0036: [67.875942, -335.512382, 151.603000, 180.000000, 0.000000, 40.601989]
  0037: [67.222024, -334.756539, 151.603000, 180.000000, 0.000000, 36.750435]
  0038: [66.519321, -334.047168, 151.603000, 180.000000, 0.000000, 32.887448]
  0039: [65.770847, -333.387367, 151.603000, 180.000000, 0.000000, 29.015359]
  0040: [64.979766, -332.780028, 151.603000, 180.000000, 0.000000, 25.136582]
  0041: [64.149492, -332.227791, 151.603000, 180.000000, 0.000000, 21.253162]
  0042: [63.283588, -331.733059, 151.603000, 180.000000, 0.000000, 17.367926]
  0043: [62.385758, -331.297997, 151.603000, 180.000000, 0.000000, 13.483609]
  0044: [61.459901, -330.924473, 151.603000, 180.000000, 0.000000, 9.602677]
  0045: [60.509982, -330.614119, 151.603000, 180.000000, 0.000000, 6.113227]
  0046: [59.540118, -330.368269, 151.603000, 180.000000, 0.000000, 0.000000]
  0047: [-31.459663, -310.536819, 151.603000, 180.000000, 0.000000, 0.000000]
  0048: [-32.469340, -310.349760, 151.603000, 180.000000, 0.000000, 51.359451]
  0049: [-33.488903, -310.228865, 151.603000, 180.000000, 0.000000, 52.152052]
  0050: [-34.513963, -310.174652, 151.603000, 180.000000, 0.000000, 52.588224]
  0051: [-35.540118, -310.187343, 151.603000, 180.000000, 0.000000, 52.640863]
  0052: [-36.562922, -310.266889, 151.603000, 180.000000, 0.000000, 52.697376]
  0053: [-37.577940, -310.412903, 151.603000, 180.000000, 0.000000, 52.756348]
  0054: [-38.580785, -310.624754, 151.603000, 180.000000, 0.000000, 52.817877]
  0055: [-39.567135, -310.901522, 151.603000, 180.000000, 0.000000, 52.880877]
  0056: [-40.532711, -311.241968, 151.603000, 180.000000, 0.000000, 52.635568]
  0057: [-41.473348, -311.644578, 151.603000, 180.000000, 0.000000, 51.301610]
  0058: [-42.384968, -312.107627, 151.603000, 180.000000, 0.000000, 49.857815]
  0059: [-43.263632, -312.629070, 151.603000, 180.000000, 0.000000, 46.098397]
  0060: [-44.105506, -313.206606, 151.603000, 180.000000, 0.000000, 42.333761]
  0061: [-44.906987, -313.837737, 151.603000, 180.000000, 0.000000, 38.564876]
  0062: [-45.664544, -314.519724, 151.603000, 180.000000, 0.000000, 34.790997]
  0063: [-46.374961, -315.249556, 151.603000, 180.000000, 0.000000, 31.011825]
  0064: [-47.035155, -316.024085, 151.603000, 180.000000, 0.000000, 27.227405]
  0065: [-47.642235, -316.839926, 151.603000, 180.000000, 0.000000, 23.438365]
  0066: [-48.193588, -317.693525, 151.603000, 180.000000, 0.000000, 19.643731]
  0067: [-48.686852, -318.581211, 151.603000, 180.000000, 0.000000, 15.844457]
  0068: [-49.119845, -319.499099, 151.603000, 180.000000, 0.000000, 12.040287]
  0069: [-49.490751, -320.443248, 151.603000, 180.000000, 0.000000, 8.232341]
  0070: [-49.797882, -321.409534, 151.603000, 180.000000, 0.000000, 0.000000]
  0071: [-50.039986, -322.393774, 151.603000, 180.000000, 0.000000, 0.000000]
  0072: [-64.159362, -391.517594, 151.603000, 180.000000, 0.000000, 0.000000]
  0073: [-64.392928, -392.516101, 151.603000, 180.000000, 0.000000, 43.214464]
  0074: [-64.569532, -393.529076, 151.603000, 180.000000, 0.000000, 44.893943]
  0075: [-64.688995, -394.552456, 151.603000, 180.000000, 0.000000, 46.557707]
  0076: [-64.751348, -395.582118, 151.603000, 180.000000, 0.000000, 51.665032]
  0077: [-64.756934, -396.613966, 151.603000, 180.000000, 0.000000, 52.872342]
  0078: [-64.706192, -397.643836, 151.603000, 180.000000, 0.000000, 54.223502]
  0079: [-64.599833, -398.667539, 151.603000, 180.000000, 0.000000, 55.678187]
  0080: [-64.438706, -399.680882, 151.603000, 180.000000, 0.000000, 57.750093]
  0081: [-64.223743, -400.679745, 151.603000, 180.000000, 0.000000, 59.604790]
  0082: [-63.956065, -401.659810, 151.603000, 180.000000, 0.000000, 61.208945]
  0083: [-63.636753, -402.616920, 151.603000, 180.000000, 0.000000, 58.012405]
  0084: [-63.266903, -403.546808, 151.603000, 180.000000, 0.000000, 54.748990]
  0085: [-62.847608, -404.445277, 151.603000, 180.000000, 0.000000, 51.395478]
  0086: [-62.379912, -405.308018, 151.603000, 180.000000, 0.000000, 47.929214]
  0087: [-61.864886, -406.130832, 151.603000, 180.000000, 0.000000, 44.329037]
  0088: [-61.303564, -406.909667, 151.603000, 180.000000, 0.000000, 40.578791]
  0089: [-60.697083, -407.640426, 151.603000, 180.000000, 0.000000, 36.668151]
  0090: [-60.046732, -408.319349, 151.603000, 180.000000, 0.000000, 32.594452]
  0091: [-59.353936, -408.942805, 151.603000, 180.000000, 0.000000, 28.363546]
  0092: [-58.620411, -409.507446, 151.603000, 180.000000, 0.000000, 23.992002]
  0093: [-57.848074, -410.010242, 151.603000, 180.000000, 0.000000, 19.502263]
  0094: [-57.039232, -410.448529, 151.603000, 180.000000, 0.000000, 14.925432]
  0095: [-56.196441, -410.819940, 151.603000, 180.000000, 0.000000, 9.736258]
  0096: [-55.322604, -411.122538, 151.603000, 180.000000, 0.000000, 0.000000]
  0097: [35.419075, -429.818284, 151.603000, 180.000000, 0.000000, 0.000000]
  0098: [36.450490, -429.966212, 151.603000, 180.000000, 0.000000, 5.664547]
  0099: [37.491526, -430.051310, 151.603000, 180.000000, 0.000000, 0.000000]
  0100: [38.537383, -430.073395, 151.603000, 180.000000, 0.000000, 0.000000]

[PREPARED]
path 1 count=61
  0000: [38.537383, -430.073395, 151.603000, 180.000000, 0.000000, 0.000000]
  0001: [41.656311, -429.763809, 151.603000, 180.000000, 0.000000, 0.000000]
  0002: [44.651287, -428.904657, 151.603000, 180.000000, 0.000000, 40.368986]
  0003: [47.407595, -427.529242, 151.603000, 180.000000, 0.000000, 39.679544]
  0004: [49.823905, -425.688068, 151.603000, 180.000000, 0.000000, 34.517734]
  0005: [51.814618, -423.447783, 151.603000, 180.000000, 0.000000, 23.499554]
  0006: [53.311364, -420.889644, 151.603000, 180.000000, 0.000000, 13.490142]
  0007: [54.264186, -418.107122, 151.603000, 180.000000, 0.000000, 9.017772]
  0008: [57.020710, -406.566348, 151.603000, 180.000000, 0.000000, 0.000000]
  0009: [59.777234, -395.025574, 151.603000, 180.000000, 0.000000, 0.000000]
  0010: [62.533757, -383.484799, 151.603000, 180.000000, 0.000000, 0.000000]
  0011: [65.290281, -371.944025, 151.603000, 180.000000, 0.000000, 0.000000]
  0012: [68.046805, -360.403251, 151.603000, 180.000000, 0.000000, 0.000000]
  0013: [70.803329, -348.862477, 151.603000, 180.000000, 0.000000, 13.322870]
  0014: [71.228881, -345.839534, 151.603000, 180.000000, 0.000000, 40.651569]
  0015: [71.067831, -342.801865, 151.603000, 180.000000, 0.000000, 44.396741]
  0016: [70.324705, -339.867329, 151.603000, 180.000000, 0.000000, 44.741450]
  0017: [69.026540, -337.150174, 151.603000, 180.000000, 0.000000, 47.377013]
  0018: [67.222024, -334.756539, 151.603000, 180.000000, 0.000000, 35.932098]
  0019: [64.979766, -332.780028, 151.603000, 180.000000, 0.000000, 24.392856]
  0020: [62.385758, -331.297997, 151.603000, 180.000000, 0.000000, 13.959066]
  0021: [59.540118, -330.368269, 151.603000, 180.000000, 0.000000, 9.309570]
  0022: [48.165145, -327.889338, 151.603000, 180.000000, 0.000000, 0.000000]
  0023: [36.790172, -325.410406, 151.603000, 180.000000, 0.000000, 0.000000]
  0024: [25.415200, -322.931475, 151.603000, 180.000000, 0.000000, 0.000000]
  0025: [14.040227, -320.452544, 151.603000, 180.000000, 0.000000, 0.000000]
  0026: [2.665255, -317.973612, 151.603000, 180.000000, 0.000000, 0.000000]
  0027: [-8.709718, -315.494681, 151.603000, 180.000000, 0.000000, 0.000000]
  0028: [-20.084690, -313.015750, 151.603000, 180.000000, 0.000000, 0.000000]
  0029: [-31.459663, -310.536819, 151.603000, 180.000000, 0.000000, 13.437759]
  0030: [-34.513963, -310.174652, 151.603000, 180.000000, 0.000000, 40.509600]
  0031: [-37.577940, -310.412903, 151.603000, 180.000000, 0.000000, 44.003856]
  0032: [-40.532711, -311.241968, 151.603000, 180.000000, 0.000000, 44.206791]
  0033: [-43.263632, -312.629070, 151.603000, 180.000000, 0.000000, 40.990231]
  0034: [-45.664544, -314.519724, 151.603000, 180.000000, 0.000000, 35.471178]
  0035: [-47.642235, -316.839926, 151.603000, 180.000000, 0.000000, 24.132664]
  0036: [-49.119845, -319.499099, 151.603000, 180.000000, 0.000000, 13.826998]
  0037: [-50.039986, -322.393774, 151.603000, 180.000000, 0.000000, 9.282777]
  0038: [-52.393215, -333.914411, 151.603000, 180.000000, 0.000000, 0.000000]
  0039: [-54.746444, -345.435048, 151.603000, 180.000000, 0.000000, 0.000000]
  0040: [-57.099674, -356.955684, 151.603000, 180.000000, 0.000000, 0.000000]
  0041: [-59.452903, -368.476321, 151.603000, 180.000000, 0.000000, 0.000000]
  0042: [-61.806132, -379.996958, 151.603000, 180.000000, 0.000000, 0.000000]
  0043: [-64.159362, -391.517594, 151.603000, 180.000000, 0.000000, 10.114872]
  0044: [-64.688995, -394.552456, 151.603000, 180.000000, 0.000000, 34.480455]
  0045: [-64.706192, -397.643836, 151.603000, 180.000000, 0.000000, 51.900945]
  0046: [-64.223743, -400.679745, 151.603000, 180.000000, 0.000000, 53.870464]
  0047: [-63.266903, -403.546808, 151.603000, 180.000000, 0.000000, 51.674701]
  0048: [-61.864886, -406.130832, 151.603000, 180.000000, 0.000000, 41.123421]
  0049: [-60.046732, -408.319349, 151.603000, 180.000000, 0.000000, 29.683379]
  0050: [-57.848074, -410.010242, 151.603000, 180.000000, 0.000000, 17.702889]
  0051: [-55.322604, -411.122538, 151.603000, 180.000000, 0.000000, 12.911951]
  0052: [-43.979894, -413.459506, 151.603000, 180.000000, 0.000000, 5.184087]
  0053: [-32.637184, -415.796474, 151.603000, 180.000000, 0.000000, 0.000000]
  0054: [-21.294474, -418.133443, 151.603000, 180.000000, 0.000000, 0.000000]
  0055: [-9.951764, -420.470411, 151.603000, 180.000000, 0.000000, 0.000000]
  0056: [1.390946, -422.807379, 151.603000, 180.000000, 0.000000, 0.000000]
  0057: [12.733656, -425.144348, 151.603000, 180.000000, 0.000000, 0.000000]
  0058: [24.076365, -427.481316, 151.603000, 180.000000, 0.000000, 0.000000]
  0059: [35.419075, -429.818284, 151.603000, 180.000000, 0.000000, 0.000000]
  0060: [38.537383, -430.073395, 151.603000, 180.000000, 0.000000, 0.000000]

[CURVE]
path 1 count=169
  0000: [38.537383, -430.073395, 151.603000, 180.000000, 0.000000, 0.000000]
  0001: [41.057766, -429.851038, 151.603000, 180.000000, 0.000000, 0.000000]
  0002: [43.516768, -429.302659, 151.603000, 180.000000, 0.000000, 42.724155]
  0003: [45.865773, -428.381414, 151.603000, 180.000000, 0.000000, 43.226081]
  0004: [48.047757, -427.113063, 151.603000, 180.000000, 0.000000, 40.280762]
  0005: [50.006433, -425.516458, 151.603000, 180.000000, 0.000000, 35.132462]
  0006: [51.686736, -423.623226, 151.603000, 180.000000, 0.000000, 27.443124]
  0007: [53.030320, -421.481404, 151.603000, 180.000000, 0.000000, 19.247354]
  0008: [53.952322, -419.140427, 151.603000, 180.000000, 0.000000, 12.062505]
  0009: [54.653710, -416.716476, 151.603000, 180.000000, 0.000000, 6.237198]
  0010: [55.270636, -414.271608, 151.603000, 180.000000, 0.000000, 0.000000]
  0011: [55.836730, -411.809492, 151.603000, 180.000000, 0.000000, 0.000000]
  0012: [56.384577, -409.341185, 151.603000, 180.000000, 0.000000, 0.000000]
  0013: [56.946764, -406.877743, 151.603000, 180.000000, 0.000000, 0.000000]
  0014: [57.532796, -404.422392, 151.603000, 180.000000, 0.000000, 0.000000]
  0015: [58.119226, -401.967177, 151.603000, 180.000000, 0.000000, 0.000000]
  0016: [58.705656, -399.511962, 151.603000, 180.000000, 0.000000, 0.000000]
  0017: [59.292086, -397.056746, 151.603000, 180.000000, 0.000000, 0.000000]
  0018: [59.878517, -394.601531, 151.603000, 180.000000, 0.000000, 0.000000]
  0019: [60.464947, -392.146315, 151.603000, 180.000000, 0.000000, 0.000000]
  0020: [61.051377, -389.691100, 151.603000, 180.000000, 0.000000, 0.000000]
  0021: [61.637807, -387.235885, 151.603000, 180.000000, 0.000000, 0.000000]
  0022: [62.224238, -384.780669, 151.603000, 180.000000, 0.000000, 0.000000]
  0023: [62.810668, -382.325454, 151.603000, 180.000000, 0.000000, 0.000000]
  0024: [63.397098, -379.870239, 151.603000, 180.000000, 0.000000, 0.000000]
  0025: [63.983529, -377.415023, 151.603000, 180.000000, 0.000000, 0.000000]
  0026: [64.569959, -374.959808, 151.603000, 180.000000, 0.000000, 0.000000]
  0027: [65.156389, -372.504592, 151.603000, 180.000000, 0.000000, 0.000000]
  0028: [65.742819, -370.049377, 151.603000, 180.000000, 0.000000, 0.000000]
  0029: [66.329250, -367.594162, 151.603000, 180.000000, 0.000000, 0.000000]
  0030: [66.915680, -365.138946, 151.603000, 180.000000, 0.000000, 0.000000]
  0031: [67.502110, -362.683731, 151.603000, 180.000000, 0.000000, 0.000000]
  0032: [68.088718, -360.228543, 151.603000, 180.000000, 0.000000, 5.901231]
  0033: [68.706488, -357.778274, 151.603000, 180.000000, 0.000000, 11.432900]
  0034: [69.346766, -355.331556, 151.603000, 180.000000, 0.000000, 18.221174]
  0035: [69.964142, -352.881225, 151.603000, 180.000000, 0.000000, 26.107244]
  0036: [70.513207, -350.420113, 151.603000, 180.000000, 0.000000, 33.891949]
  0037: [70.973481, -347.940017, 151.603000, 180.000000, 0.000000, 39.907411]
  0038: [71.225111, -345.433520, 151.603000, 180.000000, 0.000000, 44.198636]
  0039: [71.077395, -342.910695, 151.603000, 180.000000, 0.000000, 47.091107]
  0040: [70.517265, -340.446951, 151.603000, 180.000000, 0.000000, 47.351442]
  0041: [69.562717, -338.110444, 151.603000, 180.000000, 0.000000, 45.036769]
  0042: [68.231907, -335.967443, 151.603000, 180.000000, 0.000000, 40.813447]
  0043: [66.556618, -334.081092, 151.603000, 180.000000, 0.000000, 34.615235]
  0044: [64.582189, -332.507408, 151.603000, 180.000000, 0.000000, 26.073943]
  0045: [62.365331, -331.289420, 151.603000, 180.000000, 0.000000, 17.784705]
  0046: [59.970746, -330.487387, 151.603000, 180.000000, 0.000000, 10.696921]
  0047: [57.532873, -329.856738, 151.603000, 180.000000, 0.000000, 5.158705]
  0048: [55.070986, -329.305390, 151.603000, 180.000000, 0.000000, 0.000000]
  0049: [52.594800, -328.798024, 151.603000, 180.000000, 0.000000, 0.000000]
  0050: [50.115738, -328.299502, 151.603000, 180.000000, 0.000000, 0.000000]
  0051: [47.644817, -327.775943, 151.603000, 180.000000, 0.000000, 0.000000]
  0052: [45.178427, -327.238446, 151.603000, 180.000000, 0.000000, 0.000000]
  0053: [42.712036, -326.700949, 151.603000, 180.000000, 0.000000, 0.000000]
  0054: [40.245646, -326.163453, 151.603000, 180.000000, 0.000000, 0.000000]
  0055: [37.779256, -325.625956, 151.603000, 180.000000, 0.000000, 0.000000]
  0056: [35.312866, -325.088459, 151.603000, 180.000000, 0.000000, 0.000000]
  0057: [32.846476, -324.550962, 151.603000, 180.000000, 0.000000, 0.000000]
  0058: [30.380086, -324.013465, 151.603000, 180.000000, 0.000000, 0.000000]
  0059: [27.913696, -323.475969, 151.603000, 180.000000, 0.000000, 0.000000]
  0060: [25.447306, -322.938472, 151.603000, 180.000000, 0.000000, 0.000000]
  0061: [22.980916, -322.400975, 151.603000, 180.000000, 0.000000, 0.000000]
  0062: [20.514525, -321.863478, 151.603000, 180.000000, 0.000000, 0.000000]
  0063: [18.048135, -321.325981, 151.603000, 180.000000, 0.000000, 0.000000]
  0064: [15.581745, -320.788484, 151.603000, 180.000000, 0.000000, 0.000000]
  0065: [13.115355, -320.250988, 151.603000, 180.000000, 0.000000, 0.000000]
  0066: [10.648965, -319.713491, 151.603000, 180.000000, 0.000000, 0.000000]
  0067: [8.182575, -319.175994, 151.603000, 180.000000, 0.000000, 0.000000]
  0068: [5.716185, -318.638497, 151.603000, 180.000000, 0.000000, 0.000000]
  0069: [3.249795, -318.101000, 151.603000, 180.000000, 0.000000, 0.000000]
  0070: [0.783404, -317.563504, 151.603000, 180.000000, 0.000000, 0.000000]
  0071: [-1.682986, -317.026007, 151.603000, 180.000000, 0.000000, 0.000000]
  0072: [-4.149376, -316.488510, 151.603000, 180.000000, 0.000000, 0.000000]
  0073: [-6.615766, -315.951013, 151.603000, 180.000000, 0.000000, 0.000000]
  0074: [-9.082156, -315.413516, 151.603000, 180.000000, 0.000000, 0.000000]
  0075: [-11.548546, -314.876019, 151.603000, 180.000000, 0.000000, 0.000000]
  0076: [-14.014936, -314.338523, 151.603000, 180.000000, 0.000000, 0.000000]
  0077: [-16.481326, -313.801026, 151.603000, 180.000000, 0.000000, 0.000000]
  0078: [-18.947716, -313.263529, 151.603000, 180.000000, 0.000000, 0.000000]
  0079: [-21.412776, -312.716299, 151.603000, 180.000000, 0.000000, 8.779184]
  0080: [-23.872312, -312.128669, 151.603000, 180.000000, 0.000000, 15.122686]
  0081: [-26.331860, -311.541121, 151.603000, 180.000000, 0.000000, 22.404522]
  0082: [-28.798165, -311.003007, 151.603000, 180.000000, 0.000000, 30.707333]
  0083: [-31.277976, -310.563678, 151.603000, 180.000000, 0.000000, 36.877642]
  0084: [-33.781733, -310.207669, 151.603000, 180.000000, 0.000000, 41.931461]
  0085: [-36.304168, -310.270392, 151.603000, 180.000000, 0.000000, 45.035807]
  0086: [-38.789973, -310.661510, 151.603000, 180.000000, 0.000000, 46.433047]
  0087: [-41.173535, -311.500669, 151.603000, 180.000000, 0.000000, 45.089574]
  0088: [-43.394035, -312.711853, 151.603000, 180.000000, 0.000000, 42.248426]
  0089: [-45.393349, -314.265207, 151.603000, 180.000000, 0.000000, 37.277039]
  0090: [-47.111833, -316.116948, 151.603000, 180.000000, 0.000000, 30.361510]
  0091: [-48.501418, -318.223377, 151.603000, 180.000000, 0.000000, 22.094533]
  0092: [-49.499768, -320.532673, 151.603000, 180.000000, 0.000000, 14.528412]
  0093: [-50.186058, -322.966665, 151.603000, 180.000000, 0.000000, 8.189036]
  0094: [-50.749791, -325.421287, 151.603000, 180.000000, 0.000000, 0.000000]
  0095: [-51.246970, -327.897039, 151.603000, 180.000000, 0.000000, 0.000000]
  0096: [-51.713179, -330.382624, 151.603000, 180.000000, 0.000000, 0.000000]
  0097: [-52.184003, -332.866744, 151.603000, 180.000000, 0.000000, 0.000000]
  0098: [-52.684691, -335.341382, 151.603000, 180.000000, 0.000000, 0.000000]
  0099: [-53.189875, -337.814593, 151.603000, 180.000000, 0.000000, 0.000000]
  0100: [-53.695058, -340.287804, 151.603000, 180.000000, 0.000000, 0.000000]
  0101: [-54.200241, -342.761015, 151.603000, 180.000000, 0.000000, 0.000000]
  0102: [-54.705424, -345.234226, 151.603000, 180.000000, 0.000000, 0.000000]
  0103: [-55.210608, -347.707437, 151.603000, 180.000000, 0.000000, 0.000000]
  0104: [-55.715791, -350.180648, 151.603000, 180.000000, 0.000000, 0.000000]
  0105: [-56.220974, -352.653859, 151.603000, 180.000000, 0.000000, 0.000000]
  0106: [-56.726157, -355.127070, 151.603000, 180.000000, 0.000000, 0.000000]
  0107: [-57.231341, -357.600281, 151.603000, 180.000000, 0.000000, 0.000000]
  0108: [-57.736524, -360.073492, 151.603000, 180.000000, 0.000000, 0.000000]
  0109: [-58.241707, -362.546703, 151.603000, 180.000000, 0.000000, 0.000000]
  0110: [-58.746890, -365.019914, 151.603000, 180.000000, 0.000000, 0.000000]
  0111: [-59.252074, -367.493125, 151.603000, 180.000000, 0.000000, 0.000000]
  0112: [-59.757257, -369.966337, 151.603000, 180.000000, 0.000000, 0.000000]
  0113: [-60.262440, -372.439548, 151.603000, 180.000000, 0.000000, 0.000000]
  0114: [-60.767623, -374.912759, 151.603000, 180.000000, 0.000000, 0.000000]
  0115: [-61.272807, -377.385970, 151.603000, 180.000000, 0.000000, 0.000000]
  0116: [-61.777990, -379.859181, 151.603000, 180.000000, 0.000000, 0.000000]
  0117: [-62.290057, -382.331165, 151.603000, 180.000000, 0.000000, 6.639270]
  0118: [-62.809683, -384.801802, 151.603000, 180.000000, 0.000000, 11.810736]
  0119: [-63.324425, -387.273310, 151.603000, 180.000000, 0.000000, 18.498121]
  0120: [-63.821810, -389.747910, 151.603000, 180.000000, 0.000000, 25.982733]
  0121: [-64.308796, -392.227225, 151.603000, 180.000000, 0.000000, 32.117788]
  0122: [-64.690739, -394.717195, 151.603000, 180.000000, 0.000000, 37.935069]
  0123: [-64.705886, -397.244050, 151.603000, 180.000000, 0.000000, 43.007520]
  0124: [-64.428991, -399.750765, 151.603000, 180.000000, 0.000000, 46.643929]
  0125: [-63.789497, -402.193187, 151.603000, 180.000000, 0.000000, 47.843079]
  0126: [-62.813164, -404.520746, 151.603000, 180.000000, 0.000000, 46.983125]
  0127: [-61.487580, -406.668331, 151.603000, 180.000000, 0.000000, 42.850580]
  0128: [-59.802632, -408.548498, 151.603000, 180.000000, 0.000000, 35.111172]
  0129: [-57.772115, -410.053303, 151.603000, 180.000000, 0.000000, 25.411118]
  0130: [-55.460130, -411.079204, 151.603000, 180.000000, 0.000000, 16.185305]
  0131: [-53.053181, -411.732825, 151.603000, 180.000000, 0.000000, 8.320010]
  0132: [-50.585947, -412.253384, 151.603000, 180.000000, 0.000000, 0.000000]
  0133: [-48.086776, -412.704175, 151.603000, 180.000000, 0.000000, 0.000000]
  0134: [-45.584272, -413.147687, 151.603000, 180.000000, 0.000000, 0.000000]
  0135: [-43.104086, -413.639951, 151.603000, 180.000000, 0.000000, 0.000000]
  0136: [-40.631737, -414.149335, 151.603000, 180.000000, 0.000000, 0.000000]
  0137: [-38.159388, -414.658720, 151.603000, 180.000000, 0.000000, 0.000000]
  0138: [-35.687038, -415.168105, 151.603000, 180.000000, 0.000000, 0.000000]
  0139: [-33.214689, -415.677489, 151.603000, 180.000000, 0.000000, 0.000000]
  0140: [-30.742340, -416.186874, 151.603000, 180.000000, 0.000000, 0.000000]
  0141: [-28.269991, -416.696258, 151.603000, 180.000000, 0.000000, 0.000000]
  0142: [-25.797642, -417.205643, 151.603000, 180.000000, 0.000000, 0.000000]
  0143: [-23.325293, -417.715028, 151.603000, 180.000000, 0.000000, 0.000000]
  0144: [-20.852943, -418.224412, 151.603000, 180.000000, 0.000000, 0.000000]
  0145: [-18.380594, -418.733797, 151.603000, 180.000000, 0.000000, 0.000000]
  0146: [-15.908245, -419.243181, 151.603000, 180.000000, 0.000000, 0.000000]
  0147: [-13.435896, -419.752566, 151.603000, 180.000000, 0.000000, 0.000000]
  0148: [-10.963547, -420.261951, 151.603000, 180.000000, 0.000000, 0.000000]
  0149: [-8.491198, -420.771335, 151.603000, 180.000000, 0.000000, 0.000000]
  0150: [-6.018849, -421.280720, 151.603000, 180.000000, 0.000000, 0.000000]
  0151: [-3.546499, -421.790104, 151.603000, 180.000000, 0.000000, 0.000000]
  0152: [-1.074150, -422.299489, 151.603000, 180.000000, 0.000000, 0.000000]
  0153: [1.398199, -422.808874, 151.603000, 180.000000, 0.000000, 0.000000]
  0154: [3.870548, -423.318258, 151.603000, 180.000000, 0.000000, 0.000000]
  0155: [6.342897, -423.827643, 151.603000, 180.000000, 0.000000, 0.000000]
  0156: [8.815246, -424.337027, 151.603000, 180.000000, 0.000000, 0.000000]
  0157: [11.287596, -424.846412, 151.603000, 180.000000, 0.000000, 0.000000]
  0158: [13.759945, -425.355797, 151.603000, 180.000000, 0.000000, 0.000000]
  0159: [16.232294, -425.865181, 151.603000, 180.000000, 0.000000, 0.000000]
  0160: [18.704643, -426.374566, 151.603000, 180.000000, 0.000000, 0.000000]
  0161: [21.176992, -426.883950, 151.603000, 180.000000, 0.000000, 0.000000]
  0162: [23.649341, -427.393335, 151.603000, 180.000000, 0.000000, 0.000000]
  0163: [26.118542, -427.931851, 151.603000, 180.000000, 0.000000, 6.077659]
  0164: [28.582765, -428.516434, 151.603000, 180.000000, 0.000000, 5.926614]
  0165: [31.049174, -429.080779, 151.603000, 180.000000, 0.000000, 5.075376]
  0166: [33.525110, -429.556972, 151.603000, 180.000000, 0.000000, 0.000000]
  0167: [36.018393, -429.880161, 151.603000, 180.000000, 0.000000, 0.000000]
  0168: [38.537383, -430.073395, 151.603000, 180.000000, 0.000000, 0.000000]

[SAMPLED]
path 1 count=44
  0000: [38.537383, -430.073395, 151.603000, 180.000000, 0.000000, 0.000000]
  0001: [47.964228, -427.161617, 151.603000, 180.000000, 0.000000, 0.000000]
  0002: [53.879289, -419.325861, 151.603000, 180.000000, 0.000000, 11.880317]
  0003: [56.319807, -409.633003, 151.603000, 180.000000, 0.000000, 11.880317]
  0004: [58.613062, -399.899628, 151.603000, 180.000000, 0.000000, 0.000000]
  0005: [60.936221, -390.173224, 151.603000, 180.000000, 0.000000, 0.000000]
  0006: [63.259381, -380.446821, 151.603000, 180.000000, 0.000000, 0.000000]
  0007: [65.582541, -370.720417, 151.603000, 180.000000, 0.000000, 0.000000]
  0008: [67.905821, -360.994042, 151.603000, 180.000000, 0.000000, 9.252364]
  0009: [70.319062, -351.290344, 151.603000, 180.000000, 0.000000, 16.395854]
  0010: [70.736058, -341.409319, 151.603000, 180.000000, 0.000000, 18.319823]
  0011: [65.427703, -333.181310, 151.603000, 180.000000, 0.000000, 18.334315]
  0012: [56.219498, -329.562603, 151.603000, 180.000000, 0.000000, 16.024477]
  0013: [46.432338, -327.511709, 151.603000, 180.000000, 0.000000, 8.975496]
  0014: [36.661665, -325.382401, 151.603000, 180.000000, 0.000000, 0.000000]
  0015: [26.890992, -323.253092, 151.603000, 180.000000, 0.000000, 0.000000]
  0016: [17.120319, -321.123784, 151.603000, 180.000000, 0.000000, 0.000000]
  0017: [7.349647, -318.994475, 151.603000, 180.000000, 0.000000, 0.000000]
  0018: [-2.421026, -316.865167, 151.603000, 180.000000, 0.000000, 0.000000]
  0019: [-12.191699, -314.735858, 151.603000, 180.000000, 0.000000, 0.000000]
  0020: [-21.957779, -312.586087, 151.603000, 180.000000, 0.000000, 11.188649]
  0021: [-31.733470, -310.498911, 151.603000, 180.000000, 0.000000, 17.345367]
  0022: [-41.493588, -311.675243, 151.603000, 180.000000, 0.000000, 18.263962]
  0023: [-48.602059, -318.456171, 151.603000, 180.000000, 0.000000, 18.101506]
  0024: [-51.277417, -328.059366, 151.603000, 180.000000, 0.000000, 14.316613]
  0025: [-53.201647, -337.872226, 151.603000, 180.000000, 0.000000, 6.961274]
  0026: [-55.202944, -347.669920, 151.603000, 180.000000, 0.000000, 0.000000]
  0027: [-57.204242, -357.467614, 151.603000, 180.000000, 0.000000, 0.000000]
  0028: [-59.205539, -367.265308, 151.603000, 180.000000, 0.000000, 0.000000]
  0029: [-61.206836, -377.063002, 151.603000, 180.000000, 0.000000, 5.719471]
  0030: [-63.237238, -386.854682, 151.603000, 180.000000, 0.000000, 13.554956]
  0031: [-64.702743, -396.719675, 151.603000, 180.000000, 0.000000, 18.084585]
  0032: [-61.812645, -406.141693, 151.603000, 180.000000, 0.000000, 18.021451]
  0033: [-53.723320, -411.550845, 151.603000, 180.000000, 0.000000, 17.361590]
  0034: [-43.913820, -413.479236, 151.603000, 180.000000, 0.000000, 12.261060]
  0035: [-34.118353, -415.491305, 151.603000, 180.000000, 0.000000, 0.000000]
  0036: [-24.324073, -417.509246, 151.603000, 180.000000, 0.000000, 0.000000]
  0037: [-14.529793, -419.527187, 151.603000, 180.000000, 0.000000, 0.000000]
  0038: [-4.735514, -421.545129, 151.603000, 180.000000, 0.000000, 0.000000]
  0039: [5.058766, -423.563070, 151.603000, 180.000000, 0.000000, 0.000000]
  0040: [14.853045, -425.581011, 151.603000, 180.000000, 0.000000, 0.000000]
  0041: [24.644886, -427.610456, 151.603000, 180.000000, 0.000000, 0.000000]
  0042: [34.425207, -429.673646, 151.603000, 180.000000, 0.000000, 0.000000]
  0043: [38.537383, -430.073395, 151.603000, 180.000000, 0.000000, 0.000000]

[EXECUTION]
path 1 count=58
  0000: [38.537383, -430.073395, 151.603000, 180.000000, 0.000000, 0.000000]
  0001: [45.703326, -427.859968, 151.603000, 180.000000, 0.000000, 0.000000]
  0002: [51.057232, -423.064275, 151.603000, 180.000000, 0.000000, 6.212256]
  0003: [54.566859, -416.595079, 151.603000, 180.000000, 0.000000, 11.880317]
  0004: [56.393337, -409.320917, 151.603000, 180.000000, 0.000000, 11.499393]
  0005: [58.113298, -402.020798, 151.603000, 180.000000, 0.000000, 2.589048]
  0006: [59.849157, -394.724451, 151.603000, 180.000000, 0.000000, 0.000000]
  0007: [61.591527, -387.429648, 151.603000, 180.000000, 0.000000, 0.000000]
  0008: [63.333897, -380.134845, 151.603000, 180.000000, 0.000000, 0.000000]
  0009: [65.076267, -372.840042, 151.603000, 180.000000, 0.000000, 0.000000]
  0010: [66.818700, -365.545255, 151.603000, 180.000000, 0.000000, 4.922953]
  0011: [68.586585, -358.256671, 151.603000, 180.000000, 0.000000, 11.267511]
  0012: [70.332617, -350.969153, 151.603000, 180.000000, 0.000000, 16.458394]
  0013: [70.648848, -343.475823, 151.603000, 180.000000, 0.000000, 17.917447]
  0014: [67.791426, -336.845106, 151.603000, 180.000000, 0.000000, 18.327862]
  0015: [62.505378, -332.032874, 151.603000, 180.000000, 0.000000, 17.601263]
  0016: [55.489212, -329.409572, 151.603000, 180.000000, 0.000000, 15.498505]
  0017: [48.148647, -327.871361, 151.603000, 180.000000, 0.000000, 10.211629]
  0018: [40.817705, -326.288121, 151.603000, 180.000000, 0.000000, 3.817805]
  0019: [33.489701, -324.691139, 151.603000, 180.000000, 0.000000, 0.000000]
  0020: [26.161696, -323.094158, 151.603000, 180.000000, 0.000000, 0.000000]
  0021: [18.833692, -321.497176, 151.603000, 180.000000, 0.000000, 0.000000]
  0022: [11.505687, -319.900195, 151.603000, 180.000000, 0.000000, 0.000000]
  0023: [4.177683, -318.303214, 151.603000, 180.000000, 0.000000, 0.000000]
  0024: [-3.150322, -316.706232, 151.603000, 180.000000, 0.000000, 0.000000]
  0025: [-10.478327, -315.109251, 151.603000, 180.000000, 0.000000, 0.000000]
  0026: [-17.803753, -313.500498, 151.603000, 180.000000, 0.000000, 6.429530]
  0027: [-25.132741, -311.908211, 151.603000, 180.000000, 0.000000, 13.188237]
  0028: [-32.478578, -310.588715, 151.603000, 180.000000, 0.000000, 17.415495]
  0029: [-39.924691, -311.486153, 151.603000, 180.000000, 0.000000, 18.116302]
  0030: [-45.777005, -315.761289, 151.603000, 180.000000, 0.000000, 18.166070]
  0031: [-49.567047, -321.919995, 151.603000, 180.000000, 0.000000, 16.736314]
  0032: [-51.494251, -329.165141, 151.603000, 180.000000, 0.000000, 13.487766]
  0033: [-52.937461, -336.524975, 151.603000, 180.000000, 0.000000, 7.971121]
  0034: [-54.427860, -343.875362, 151.603000, 180.000000, 0.000000, 2.696038]
  0035: [-55.928833, -351.223632, 151.603000, 180.000000, 0.000000, 0.000000]
  0036: [-57.429806, -358.571903, 151.603000, 180.000000, 0.000000, 0.000000]
  0037: [-58.930779, -365.920173, 151.603000, 180.000000, 0.000000, 0.000000]
  0038: [-60.431752, -373.268444, 151.603000, 180.000000, 0.000000, 3.504371]
  0039: [-61.943283, -380.614542, 151.603000, 180.000000, 0.000000, 8.561479]
  0040: [-63.402860, -387.969561, 151.603000, 180.000000, 0.000000, 14.066866]
  0041: [-64.504936, -395.388148, 151.603000, 180.000000, 0.000000, 17.473199]
  0042: [-62.898105, -402.602980, 151.603000, 180.000000, 0.000000, 18.045163]
  0043: [-58.654992, -408.253145, 151.603000, 180.000000, 0.000000, 17.763875]
  0044: [-52.185394, -411.853176, 151.603000, 180.000000, 0.000000, 16.561933]
  0045: [-44.826245, -413.299868, 151.603000, 180.000000, 0.000000, 12.735482]
  0046: [-37.478075, -414.801191, 151.603000, 180.000000, 0.000000, 4.205390]
  0047: [-30.131952, -416.312634, 151.603000, 180.000000, 0.000000, 0.000000]
  0048: [-22.786242, -417.826090, 151.603000, 180.000000, 0.000000, 0.000000]
  0049: [-15.440532, -419.339546, 151.603000, 180.000000, 0.000000, 0.000000]
  0050: [-8.094822, -420.853001, 151.603000, 180.000000, 0.000000, 0.000000]
  0051: [-0.749113, -422.366457, 151.603000, 180.000000, 0.000000, 0.000000]
  0052: [6.596597, -423.879913, 151.603000, 180.000000, 0.000000, 0.000000]
  0053: [13.942307, -425.393369, 151.603000, 180.000000, 0.000000, 0.000000]
  0054: [21.286453, -426.914392, 151.603000, 180.000000, 0.000000, 0.000000]
  0055: [28.627429, -428.450587, 151.603000, 180.000000, 0.000000, 0.000000]
  0056: [35.992441, -429.825999, 151.603000, 180.000000, 0.000000, 0.000000]
  0057: [38.537383, -430.073395, 151.603000, 180.000000, 0.000000, 0.000000]
